0	100	0	100	0	100	0	100	0	100	0	100	
1	100	1	100	1	100	1	100	1	100	1	100	
2	100	2	100	2	100	2	100	2	100	2	100	
3	100	3	100	3	100	3	100	3	100	3	100	
4	100	4	100	4	100	4	100	4	100	4	100	
5	100	5	100	5	100	5	100	5	100	5	100	
6	100	6	100	6	100	6	100	6	100	6	100	
7	100	7	100	7	100	7	100	7	100	7	100	
8	100	8	100	8	100	8	100	8	100	8	100	
9	100	9	100	9	100	9	100	9	100	9	100	
10	100	10	100	10	100	10	100	10	100	10	100	
11	100	11	100	11	100	11	100	11	100	11	100	
12	105	12	103	12	102	12	108	12	98	12	101	
13	101	13	100	13	102	13	98	13	99	13	100	
14	96	14	98	14	96	14	93	14	100	14	91	
15	101	15	98	15	101	15	90	15	105	15	99	
16	97	16	105	16	106	16	102	16	107	16	100	
17	83	17	103	17	83	17	95	17	103	17	102	
18	108	18	108	18	116	18	111	18	107	18	107	
19	103	19	98	19	104	19	103	19	101	19	103	
20	104	20	109	20	104	20	103	20	107	20	109	
21	97	21	96	21	98	21	97	21	98	21	94	
22	92	22	91	22	91	22	87	22	90	22	91	
23	103	23	108	23	105	23	106	23	105	23	103	
24	98	24	97	24	97	24	110	24	102	24	106	
25	112	25	103	25	109	25	103	25	110	25	108	
26	120	26	102	26	116	26	104	26	124	26	107	
27	99	27	104	27	101	27	97	27	100	27	105	
28	104	28	108	28	104	28	103	28	105	28	102	
29	100	29	106	29	105	29	102	29	105	29	106	
30	100	30	109	30	105	30	102	30	105	30	101	
31	104	31	105	31	98	31	103	31	106	31	98	
32	105	32	100	32	99	32	100	32	103	32	99	
33	102	33	99	33	101	33	101	33	102	33	97	
34	112	34	95	34	103	34	104	34	98	34	96	
35	111	35	97	35	100	35	104	35	95	35	99	
36	103	36	99	36	98	36	105	36	98	36	100	
37	106	37	100	37	102	37	104	37	99	37	102	
38	106	38	104	38	102	38	103	38	99	38	103	
39	96	39	94	39	95	39	98	39	92	39	89	
40	98	40	97	40	100	40	99	40	103	40	94	
41	99	41	105	41	102	41	102	41	105	41	100	
42	105	42	110	42	97	42	100	42	102	42	100	
43	85	43	105	43	85	43	102	43	108	43	99	
44	98	44	105	44	102	44	104	44	102	44	102	
45	99	45	101	45	102	45	100	45	97	45	97	
46	105	46	105	46	103	46	106	46	105	46	100	
47	101	47	102	47	100	47	100	47	106	47	100	
48	88	48	94	48	94	48	97	48	95	48	88	
49	100	49	94	49	104	49	118	49	106	49	95	
50	105	50	97	50	105	50	97	50	106	50	106	
51	107	51	105	51	109	51	110	51	108	51	105	
52	96	52	108	52	127	52	107	52	105	52	103	
53	104	53	104	53	103	53	104	53	102	53	103	
54	104	54	101	54	100	54	97	54	102	54	103	
55	99	55	98	55	99	55	102	55	99	55	97	
56	103	56	104	56	103	56	102	56	104	56	105	
57	97	57	104	57	104	57	106	57	103	57	105	
58	97	58	103	58	106	58	113	58	99	58	104	
59	102	59	99	59	103	59	98	59	98	59	101	
60	105	60	100	60	103	60	102	60	97	60	100	
61	103	61	104	61	109	61	104	61	99	61	99	
62	98	62	106	62	106	62	101	62	102	62	99	
63	100	63	102	63	103	63	102	63	99	63	98	
64	99	64	102	64	104	64	106	64	100	64	97	
65	100	65	100	65	101	65	100	65	99	65	95	
66	95	66	101	66	101	66	97	66	102	66	86	
67	94	67	97	67	98	67	98	67	97	67	89	
68	99	68	93	68	101	68	102	68	97	68	99	
69	98	69	97	69	107	69	105	69	105	69	102	
70	103	70	100	70	104	70	103	70	102	70	98	
71	99	71	103	71	100	71	100	71	95	71	99	
72	103	72	103	72	104	72	101	72	95	72	100	
73	105	73	104	73	104	73	98	73	98	73	99	
74	107	74	102	74	105	74	102	74	100	74	103	
75	88	75	103	75	100	75	89	75	100	75	99	
76	103	76	105	76	105	76	100	76	101	76	101	
77	107	77	103	77	105	77	113	77	110	77	107	
78	102	78	94	78	100	78	102	78	102	78	98	
79	100	79	104	79	104	79	104	79	105	79	100	
80	99	80	108	80	101	80	100	80	105	80	107	
81	93	81	100	81	94	81	104	81	97	81	96	
82	99	82	94	82	93	82	100	82	99	82	99	
83	95	83	94	83	98	83	97	83	97	83	104	
84	98	84	93	84	104	84	89	84	106	84	112	
85	102	85	102	85	94	85	96	85	102	85	104	
86	102	86	106	86	104	86	102	86	93	86	105	
87	102	87	98	87	102	87	101	87	106	87	103	
88	100	88	103	88	102	88	100	88	100	88	98	
89	96	89	97	89	103	89	97	89	88	89	96	
90	104	90	103	90	106	90	107	90	96	90	102	
91	109	91	105	91	108	91	108	91	102	91	105	
92	114	92	116	92	107	92	97	92	107	92	102	
93	105	93	101	93	94	93	92	93	99	93	100	
94	93	94	95	94	98	94	100	94	102	94	101	
95	99	95	105	95	103	95	102	95	100	95	105	
96	101	96	104	96	108	96	100	96	99	96	103	
97	106	97	97	97	109	97	103	97	99	97	102	
98	104	98	100	98	109	98	105	98	101	98	93	
99	102	99	104	99	103	99	103	99	95	99	97	
100	98	100	103	100	107	100	99	100	101	100	99	
101	101	101	91	101	99	101	107	101	98	101	115	
102	96	102	103	102	102	102	99	102	96	102	102	
103	107	103	108	103	105	103	103	103	118	103	107	
104	105	104	100	104	100	104	104	104	102	104	98	
105	98	105	102	105	94	105	97	105	109	105	95	
106	99	106	104	106	105	106	102	106	108	106	100	
107	95	107	102	107	104	107	106	107	103	107	98	
108	98	108	98	108	100	108	102	108	103	108	94	
109	95	109	101	109	97	109	98	109	100	109	95	
110	101	110	101	110	102	110	105	110	101	110	102	
111	113	111	109	111	108	111	109	111	108	111	108	
112	103	112	105	112	102	112	103	112	106	112	104	
113	100	113	102	113	107	113	101	113	100	113	98	
114	102	114	105	114	112	114	109	114	104	114	100	
115	100	115	99	115	106	115	106	115	100	115	97	
116	105	116	102	116	104	116	105	116	97	116	96	
117	105	117	104	117	101	117	106	117	100	117	100	
118	108	118	107	118	104	118	103	118	103	118	112	
119	105	119	106	119	105	119	104	119	105	119	107	
120	102	120	105	120	107	120	103	120	109	120	99	
121	102	121	103	121	106	121	106	121	103	121	102	
122	104	122	104	122	101	122	102	122	102	122	102	
123	108	123	105	123	104	123	106	123	101	123	105	
124	99	124	101	124	102	124	102	124	105	124	104	
125	108	125	112	125	109	125	104	125	110	125	111	
126	98	126	108	126	101	126	101	126	111	126	99	
127	95	127	106	127	108	127	110	127	103	127	99	
128	100	128	100	128	110	128	99	128	100	128	99	
129	100	129	106	129	104	129	102	129	94	129	100	
130	103	130	97	130	106	130	107	130	101	130	101	
131	101	131	101	131	103	131	103	131	100	131	98	
132	106	132	102	132	102	132	104	132	101	132	104	
133	101	133	107	133	104	133	87	133	103	133	105	
134	103	134	100	134	106	134	103	134	105	134	105	
135	103	135	103	135	107	135	102	135	104	135	103	
136	108	136	109	136	104	136	104	136	105	136	105	
137	106	137	106	137	106	137	105	137	107	137	102	
138	103	138	105	138	105	138	99	138	106	138	97	
139	104	139	107	139	103	139	106	139	103	139	98	
140	103	140	108	140	102	140	106	140	109	140	102	
141	101	141	102	141	102	141	107	141	107	141	100	
142	100	142	105	142	105	142	106	142	105	142	103	
143	109	143	105	143	108	143	106	143	110	143	102	
144	111	144	104	144	108	144	107	144	107	144	100	
145	103	145	107	145	104	145	108	145	104	145	102	
146	107	146	112	146	111	146	116	146	109	146	106	
147	99	147	107	147	101	147	97	147	98	147	98	
148	107	148	105	148	104	148	106	148	101	148	102	
149	100	149	100	149	102	149	100	149	104	149	100	
150	100	150	108	150	103	150	98	150	100	150	100	
151	93	151	95	151	99	151	95	151	93	151	93	
152	101	152	99	152	103	152	98	152	100	152	104	
153	102	153	101	153	106	153	103	153	92	153	102	
154	101	154	100	154	103	154	107	154	98	154	106	
155	102	155	102	155	102	155	100	155	98	155	98	
156	101	156	104	156	109	156	114	156	104	156	106	
157	99	157	104	157	103	157	109	157	98	157	108	
158	102	158	104	158	109	158	109	158	100	158	102	
159	98	159	105	159	104	159	104	159	104	159	99	
160	98	160	101	160	106	160	104	160	100	160	97	
161	100	161	102	161	112	161	103	161	97	161	98	
162	99	162	104	162	106	162	100	162	100	162	100	
163	100	163	106	163	103	163	108	163	101	163	99	
164	108	164	108	164	109	164	113	164	107	164	105	
165	105	165	105	165	104	165	111	165	96	165	101	
166	101	166	103	166	103	166	106	166	99	166	103	
167	96	167	82	167	100	167	133	167	95	167	100	
168	101	168	107	168	101	168	116	168	108	168	99	
169	104	169	100	169	107	169	101	169	99	169	91	
170	97	170	106	170	101	170	100	170	98	170	96	
171	104	171	104	171	108	171	106	171	101	171	104	
172	100	172	101	172	100	172	106	172	90	172	94	
173	104	173	107	173	95	173	103	173	100	173	99	
174	103	174	113	174	103	174	108	174	101	174	101	
175	100	175	108	175	101	175	102	175	102	175	103	
176	102	176	102	176	97	176	94	176	105	176	99	
177	109	177	102	177	111	177	108	177	107	177	107	
178	106	178	107	178	110	178	110	178	104	178	105	
179	102	179	106	179	104	179	107	179	110	179	102	
180	103	180	109	180	108	180	110	180	107	180	105	
181	105	181	110	181	110	181	113	181	105	181	106	
182	108	182	109	182	110	182	110	182	106	182	108	
183	106	183	107	183	106	183	110	183	104	183	104	
184	107	184	109	184	101	184	115	184	103	184	101	
185	103	185	108	185	101	185	114	185	104	185	103	
186	100	186	109	186	112	186	112	186	109	186	105	
187	103	187	106	187	102	187	112	187	100	187	101	
188	102	188	106	188	101	188	107	188	105	188	99	
189	102	189	106	189	100	189	102	189	101	189	99	
190	99	190	108	190	104	190	110	190	102	190	106	
191	101	191	104	191	103	191	98	191	96	191	103	
192	88	192	102	192	102	192	104	192	96	192	108	
193	101	193	106	193	103	193	110	193	101	193	101	
194	105	194	106	194	103	194	104	194	105	194	100	
195	108	195	110	195	102	195	109	195	108	195	103	
196	107	196	106	196	105	196	102	196	102	196	103	
197	102	197	102	197	102	197	98	197	98	197	100	
198	101	198	101	198	107	198	100	198	105	198	102	
199	104	199	104	199	105	199	108	199	106	199	104	
200	101	200	107	200	103	200	109	200	100	200	106	
201	100	201	106	201	105	201	109	201	101	201	110	
202	102	202	102	202	99	202	106	202	102	202	106	
203	100	203	104	203	102	203	104	203	101	203	104	
204	102	204	104	204	107	204	101	204	100	204	102	
205	102	205	109	205	109	205	102	205	104	205	103	
206	104	206	107	206	109	206	110	206	111	206	106	
207	106	207	102	207	108	207	107	207	111	207	102	
208	109	208	115	208	114	208	110	208	110	208	108	
209	87	209	108	209	103	209	100	209	106	209	90	
210	101	210	108	210	105	210	103	210	104	210	99	
211	109	211	107	211	107	211	105	211	98	211	97	
212	103	212	103	212	102	212	100	212	105	212	95	
213	108	213	112	213	100	213	106	213	108	213	101	
214	99	214	103	214	103	214	107	214	99	214	100	
215	107	215	107	215	101	215	98	215	102	215	103	
216	100	216	100	216	102	216	97	216	104	216	101	
217	82	217	95	217	95	217	91	217	92	217	93	
218	90	218	105	218	105	218	103	218	107	218	104	
219	107	219	113	219	103	219	115	219	101	219	106	
220	103	220	105	220	106	220	103	220	94	220	105	
221	102	221	103	221	106	221	103	221	103	221	105	
222	106	222	102	222	109	222	103	222	102	222	100	
223	108	223	97	223	100	223	102	223	99	223	99	
224	107	224	103	224	102	224	104	224	100	224	105	
225	105	225	109	225	109	225	106	225	102	225	107	
226	103	226	107	226	107	226	104	226	105	226	106	
227	103	227	101	227	102	227	98	227	101	227	99	
228	103	228	101	228	97	228	102	228	104	228	97	
229	102	229	107	229	98	229	102	229	104	229	101	
230	104	230	105	230	104	230	104	230	99	230	99	
231	106	231	104	231	102	231	104	231	94	231	94	
232	106	232	103	232	104	232	106	232	97	232	102	
233	108	233	110	233	107	233	106	233	102	233	103	
234	107	234	110	234	104	234	103	234	103	234	107	
235	115	235	108	235	100	235	100	235	100	235	102	
236	100	236	103	236	93	236	101	236	103	236	99	
237	99	237	104	237	104	237	105	237	87	237	93	
238	103	238	102	238	101	238	105	238	108	238	93	
239	103	239	102	239	110	239	104	239	110	239	105	
240	107	240	104	240	108	240	105	240	107	240	106	
241	96	241	104	241	105	241	102	241	97	241	104	
242	104	242	105	242	102	242	105	242	102	242	105	
243	106	243	113	243	111	243	115	243	110	243	111	
244	96	244	105	244	102	244	107	244	102	244	102	
245	101	245	101	245	99	245	104	245	97	245	101	
246	101	246	101	246	102	246	106	246	100	246	105	
247	103	247	105	247	104	247	106	247	104	247	106	
248	102	248	108	248	101	248	103	248	106	248	105	
249	101	249	107	249	101	249	104	249	103	249	104	
250	103	250	102	250	107	250	106	250	103	250	102	
251	108	251	107	251	107	251	112	251	112	251	110	
252	109	252	102	252	105	252	107	252	105	252	103	
253	105	253	107	253	120	253	106	253	99	253	106	
254	104	254	104	254	105	254	101	254	105	254	99	
255	96	255	103	255	106	255	100	255	103	255	100	
256	102	256	100	256	105	256	106	256	105	256	97	
257	104	257	102	257	91	257	106	257	95	257	101	
258	101	258	105	258	107	258	107	258	104	258	104	
259	105	259	112	259	104	259	98	259	105	259	104	
260	100	260	101	260	101	260	95	260	99	260	103	
261	120	261	96	261	104	261	101	261	103	261	111	
262	102	262	106	262	100	262	99	262	97	262	100	
263	111	263	109	263	101	263	110	263	107	263	103	
264	108	264	97	264	99	264	109	264	99	264	99	
265	97	265	95	265	98	265	103	265	102	265	99	
266	99	266	103	266	102	266	108	266	101	266	103	
267	105	267	112	267	107	267	112	267	106	267	101	
268	108	268	115	268	112	268	115	268	111	268	106	
269	103	269	113	269	109	269	111	269	108	269	110	
270	106	270	104	270	116	270	104	270	106	270	110	
271	108	271	102	271	112	271	105	271	98	271	106	
272	111	272	107	272	105	272	108	272	102	272	102	
273	104	273	100	273	99	273	99	273	101	273	98	
274	94	274	102	274	93	274	95	274	95	274	97	
275	104	275	110	275	98	275	101	275	104	275	99	
276	98	276	104	276	102	276	102	276	103	276	102	
277	91	277	94	277	96	277	100	277	99	277	91	
278	105	278	105	278	105	278	100	278	106	278	103	
279	103	279	109	279	93	279	98	279	108	279	97	
280	102	280	110	280	100	280	106	280	116	280	101	
281	110	281	101	281	104	281	102	281	99	281	105	
282	104	282	100	282	103	282	101	282	99	282	100	
283	101	283	106	283	107	283	104	283	104	283	102	
284	102	284	104	284	104	284	101	284	102	284	101	
285	110	285	109	285	110	285	106	285	102	285	107	
286	114	286	105	286	110	286	111	286	108	286	110	
287	108	287	99	287	107	287	108	287	107	287	109	
288	100	288	104	288	105	288	100	288	117	288	105	
289	104	289	105	289	102	289	104	289	117	289	107	
290	105	290	105	290	101	290	106	290	109	290	107	
291	104	291	107	291	101	291	106	291	110	291	108	
292	106	292	110	292	104	292	103	292	113	292	108	
293	100	293	103	293	104	293	104	293	106	293	110	
294	119	294	119	294	120	294	124	294	128	294	128	
295	87	295	104	295	107	295	106	295	108	295	100	
296	94	296	101	296	107	296	98	296	100	296	93	
297	100	297	103	297	104	297	103	297	91	297	96	
298	102	298	103	298	106	298	107	298	105	298	102	
299	101	299	101	299	101	299	104	299	106	299	99	
300	102	300	99	300	105	300	100	300	104	300	106	
301	104	301	98	301	105	301	105	301	107	301	102	
302	114	302	113	302	114	302	108	302	115	302	113	
303	103	303	104	303	103	303	103	303	101	303	103	
304	91	304	104	304	104	304	105	304	109	304	101	
305	102	305	105	305	105	305	103	305	108	305	102	
306	104	306	102	306	106	306	106	306	112	306	106	
307	105	307	98	307	105	307	107	307	113	307	106	
308	103	308	99	308	106	308	102	308	111	308	100	
309	104	309	101	309	106	309	106	309	111	309	96	
310	103	310	104	310	110	310	106	310	111	310	102	
311	106	311	107	311	112	311	112	311	106	311	106	
312	95	312	106	312	110	312	107	312	101	312	101	
313	98	313	105	313	103	313	104	313	105	313	99	
314	104	314	105	314	101	314	102	314	100	314	100	
315	105	315	107	315	104	315	105	315	105	315	101	
316	102	316	109	316	105	316	108	316	109	316	103	
317	103	317	104	317	104	317	103	317	103	317	106	
318	108	318	99	318	100	318	102	318	105	318	108	
319	110	319	107	319	107	319	106	319	104	319	106	
320	99	320	100	320	97	320	97	320	106	320	101	
321	103	321	103	321	99	321	105	321	106	321	102	
322	106	322	112	322	103	322	105	322	109	322	103	
323	105	323	110	323	107	323	107	323	106	323	101	
324	101	324	108	324	102	324	105	324	103	324	101	
325	104	325	104	325	101	325	105	325	104	325	102	
326	103	326	101	326	102	326	104	326	107	326	102	
327	107	327	100	327	106	327	104	327	108	327	104	
328	113	328	111	328	110	328	105	328	110	328	111	
329	100	329	112	329	114	329	105	329	108	329	108	
330	97	330	108	330	108	330	107	330	102	330	103	
331	101	331	106	331	102	331	105	331	104	331	101	
332	105	332	101	332	101	332	103	332	99	332	103	
333	110	333	106	333	99	333	108	333	104	333	107	
334	114	334	107	334	107	334	113	334	107	334	112	
335	96	335	104	335	103	335	96	335	104	335	94	
336	107	336	100	336	111	336	110	336	108	336	107	
337	99	337	97	337	102	337	100	337	120	337	101	
338	106	338	112	338	99	338	99	338	105	338	106	
339	100	339	104	339	104	339	105	339	103	339	97	
340	111	340	104	340	110	340	107	340	110	340	104	
341	104	341	104	341	105	341	107	341	98	341	102	
342	100	342	102	342	102	342	105	342	97	342	96	
343	105	343	100	343	103	343	102	343	104	343	100	
344	101	344	105	344	107	344	103	344	106	344	106	
345	103	345	106	345	112	345	102	345	109	345	100	
346	101	346	107	346	112	346	99	346	106	346	100	
347	96	347	104	347	106	347	97	347	100	347	98	
348	100	348	105	348	103	348	99	348	104	348	103	
349	102	349	104	349	104	349	102	349	104	349	101	
350	101	350	102	350	107	350	104	350	104	350	102	
351	104	351	105	351	109	351	105	351	109	351	103	
352	109	352	117	352	108	352	107	352	107	352	107	
353	108	353	110	353	110	353	111	353	107	353	110	
354	107	354	110	354	112	354	113	354	116	354	115	
355	98	355	104	355	107	355	108	355	106	355	102	
356	105	356	108	356	104	356	105	356	102	356	98	
357	107	357	119	357	109	357	112	357	103	357	98	
358	99	358	97	358	101	358	103	358	95	358	93	
359	104	359	105	359	106	359	106	359	103	359	106	
360	106	360	107	360	103	360	107	360	107	360	102	
361	104	361	111	361	103	361	109	361	108	361	97	
362	93	362	102	362	102	362	101	362	98	362	93	
363	98	363	109	363	102	363	108	363	101	363	101	
364	105	364	109	364	95	364	101	364	106	364	105	
365	104	365	107	365	104	365	104	365	106	365	105	
366	103	366	107	366	104	366	102	366	105	366	103	
367	107	367	109	367	108	367	105	367	108	367	105	
368	103	368	110	368	110	368	102	368	109	368	103	
369	107	369	108	369	107	369	97	369	105	369	103	
370	109	370	104	370	106	370	104	370	104	370	105	
371	107	371	103	371	109	371	110	371	103	371	106	
372	113	372	104	372	104	372	105	372	99	372	104	
373	112	373	107	373	105	373	108	373	105	373	110	
374	108	374	108	374	105	374	106	374	107	374	109	
375	104	375	107	375	105	375	106	375	104	375	110	
376	105	376	107	376	106	376	112	376	107	376	101	
377	110	377	101	377	111	377	107	377	103	377	104	
378	95	378	108	378	112	378	117	378	103	378	111	
379	113	379	107	379	113	379	109	379	104	379	104	
380	102	380	115	380	98	380	109	380	100	380	105	
381	108	381	112	381	99	381	114	381	110	381	109	
382	106	382	108	382	110	382	106	382	107	382	108	
383	109	383	103	383	112	383	109	383	104	383	110	
384	103	384	102	384	107	384	105	384	101	384	103	
385	100	385	108	385	105	385	104	385	105	385	100	
386	104	386	106	386	104	386	107	386	104	386	103	
387	104	387	99	387	105	387	118	387	107	387	113	
388	108	388	102	388	106	388	105	388	109	388	105	
389	102	389	104	389	107	389	108	389	107	389	105	
390	101	390	110	390	102	390	109	390	102	390	103	
391	106	391	107	391	104	391	103	391	99	391	103	
392	102	392	101	392	105	392	105	392	98	392	100	
393	105	393	106	393	102	393	105	393	102	393	100	
394	108	394	107	394	101	394	102	394	101	394	102	
395	108	395	93	395	108	395	107	395	104	395	107	
396	111	396	103	396	109	396	111	396	110	396	111	
397	107	397	108	397	96	397	107	397	104	397	106	
398	114	398	108	398	101	398	104	398	107	398	100	
399	106	399	101	399	102	399	103	399	107	399	105	
400	106	400	98	400	102	400	99	400	104	400	102	
401	108	401	108	401	101	401	106	401	103	401	107	
402	105	402	105	402	105	402	113	402	103	402	105	
403	110	403	109	403	108	403	105	403	103	403	107	
404	101	404	89	404	105	404	106	404	106	404	91	
405	113	405	109	405	115	405	109	405	108	405	112	
406	105	406	104	406	109	406	107	406	101	406	107	
407	106	407	108	407	100	407	112	407	110	407	105	
408	107	408	113	408	112	408	111	408	109	408	106	
409	109	409	111	409	109	409	110	409	110	409	110	
410	108	410	114	410	112	410	110	410	109	410	111	
411	107	411	116	411	111	411	113	411	106	411	108	
412	109	412	107	412	109	412	106	412	106	412	105	
413	109	413	104	413	104	413	104	413	107	413	103	
414	104	414	107	414	110	414	113	414	113	414	107	
415	112	415	114	415	123	415	124	415	119	415	116	
416	117	416	111	416	122	416	123	416	119	416	112	
417	117	417	116	417	122	417	123	417	123	417	110	
418	118	418	127	418	123	418	130	418	128	418	118	
419	123	419	131	419	122	419	126	419	129	419	118	
420	121	420	127	420	126	420	121	420	127	420	126	
421	129	421	130	421	135	421	124	421	124	421	133	
422	137	422	139	422	138	422	130	422	129	422	126	
423	133	423	140	423	135	423	134	423	128	423	128	
424	145	424	142	424	147	424	139	424	153	424	140	
425	159	425	149	425	148	425	136	425	155	425	142	
426	179	426	163	426	157	426	145	426	160	426	133	
427	182	427	184	427	157	427	157	427	158	427	146	
428	185	428	183	428	155	428	162	428	155	428	163	
429	178	429	184	429	167	429	166	429	163	429	154	
430	163	430	166	430	165	430	155	430	147	430	139	
431	144	431	167	431	150	431	154	431	156	431	137	
432	147	432	153	432	146	432	150	432	151	432	136	
433	146	433	154	433	154	433	133	433	130	433	128	
434	141	434	144	434	139	434	123	434	128	434	129	
435	133	435	133	435	132	435	119	435	128	435	131	
436	124	436	132	436	124	436	121	436	123	436	124	
437	114	437	129	437	120	437	121	437	121	437	113	
438	121	438	129	438	120	438	123	438	126	438	113	
439	120	439	118	439	119	439	117	439	123	439	112	
440	119	440	113	440	113	440	112	440	114	440	113	
441	127	441	114	441	120	441	118	441	115	441	115	
442	120	442	121	442	117	442	117	442	116	442	116	
443	116	443	123	443	113	443	111	443	114	443	119	
444	115	444	113	444	110	444	112	444	109	444	112	
445	116	445	109	445	108	445	114	445	111	445	114	
446	125	446	116	446	114	446	122	446	120	446	118	
447	109	447	121	447	117	447	120	447	111	447	101	
448	115	448	112	448	117	448	119	448	120	448	115	
449	123	449	125	449	128	449	129	449	123	449	123	
450	113	450	125	450	119	450	130	450	115	450	121	
451	117	451	123	451	119	451	129	451	129	451	118	
452	119	452	124	452	121	452	133	452	134	452	125	
453	116	453	126	453	121	453	127	453	136	453	120	
454	122	454	128	454	122	454	124	454	128	454	127	
455	131	455	127	455	135	455	123	455	132	455	136	
456	129	456	128	456	135	456	129	456	135	456	139	
457	134	457	134	457	142	457	140	457	136	457	141	
458	146	458	138	458	144	458	144	458	132	458	144	
459	148	459	150	459	143	459	149	459	150	459	143	
460	138	460	155	460	147	460	146	460	154	460	150	
461	150	461	159	461	158	461	155	461	162	461	162	
462	162	462	164	462	167	462	162	462	176	462	168	
463	179	463	177	463	178	463	178	463	196	463	187	
464	187	464	194	464	199	464	202	464	208	464	205	
465	211	465	208	465	228	465	219	465	231	465	221	
466	255	466	245	466	257	466	249	466	264	466	253	
467	298	467	313	467	296	467	298	467	307	467	291	
468	365	468	387	468	374	468	374	468	380	468	370	
469	473	469	487	469	488	469	507	469	492	469	490	
470	641	470	668	470	666	470	676	470	703	470	650	
471	897	471	908	471	930	471	921	471	998	471	959	
472	1274	472	1298	472	1395	472	1325	472	1374	472	1424	
473	1716	473	1795	473	1879	473	1839	473	1922	473	1903	
474	1893	474	1954	474	2045	474	1955	474	2042	474	2083	
475	1754	475	1793	475	1824	475	1806	475	1867	475	1866	
476	1485	476	1581	476	1512	476	1559	476	1526	476	1564	
477	1197	477	1246	477	1226	477	1262	477	1321	477	1263	
478	1025	478	1021	478	1031	478	1058	478	1113	478	1039	
479	877	479	885	479	884	479	899	479	889	479	836	
480	683	480	729	480	686	480	740	480	717	480	676	
481	625	481	571	481	597	481	587	481	608	481	558	
482	503	482	515	482	501	482	522	482	530	482	499	
483	417	483	452	483	451	483	460	483	457	483	423	
484	376	484	391	484	382	484	389	484	404	484	387	
485	361	485	342	485	347	485	332	485	350	485	365	
486	328	486	331	486	328	486	292	486	325	486	348	
487	302	487	328	487	319	487	288	487	321	487	330	
488	281	488	308	488	288	488	278	488	300	488	295	
489	277	489	274	489	269	489	275	489	272	489	277	
490	252	490	255	490	255	490	262	490	260	490	271	
491	227	491	257	491	239	491	244	491	251	491	266	
492	234	492	259	492	241	492	250	492	255	492	259	
493	232	493	238	493	243	493	247	493	259	493	256	
494	224	494	238	494	242	494	244	494	271	494	271	
495	230	495	246	495	245	495	263	495	277	495	283	
496	242	496	242	496	251	496	286	496	283	496	277	
497	237	497	244	497	260	497	266	497	298	497	281	
498	244	498	255	498	267	498	274	498	314	498	297	
499	263	499	262	499	261	499	296	499	319	499	300	
500	269	500	264	500	258	500	317	500	314	500	315	
501	265	501	282	501	290	501	317	501	353	501	359	
502	289	502	306	502	351	502	346	502	402	502	414	
503	326	503	336	503	380	503	405	503	428	503	474	
504	358	504	376	504	399	504	430	504	488	504	512	
505	372	505	382	505	449	505	471	505	594	505	559	
506	416	506	460	506	498	506	589	506	677	506	643	
507	485	507	532	507	531	507	703	507	795	507	756	
508	554	508	625	508	656	508	789	508	901	508	895	
509	627	509	778	509	828	509	972	509	1099	509	1072	
510	812	510	955	510	1042	510	1214	510	1486	510	1374	
511	934	511	1162	511	1271	511	1630	511	1926	511	1778	
512	1204	512	1447	512	1590	512	2024	512	2573	512	2376	
513	1468	513	1837	513	1989	513	2658	513	3502	513	3152	
514	1807	514	2425	514	2683	514	3595	514	4784	514	4371	
515	2227	515	3091	515	3513	515	4873	515	6714	515	6151	
516	2746	516	3944	516	4600	516	6735	516	9600	516	8590	
517	3224	517	4875	517	5756	517	8732	517	14757	517	11639	
518	3553	518	5507	518	6572	518	9902	518	21903	518	13515	
519	3392	519	5344	519	6369	519	9357	519	18975	519	12675	
520	2940	520	4496	520	5274	520	7573	520	11220	520	9797	
521	2312	521	3362	521	3940	521	5503	521	7491	521	6889	
522	1812	522	2523	522	2901	522	3877	522	5216	522	4724	
523	1410	523	1901	523	2124	523	2725	523	3655	523	3347	
524	1095	524	1408	524	1557	524	1997	524	2536	524	2391	
525	884	525	1081	525	1196	525	1527	525	1798	525	1785	
526	746	526	883	526	935	526	1182	526	1437	526	1324	
527	623	527	716	527	789	527	953	527	1167	527	1031	
528	527	528	590	528	663	528	767	528	921	528	845	
529	454	529	510	529	544	529	657	529	741	529	723	
530	400	530	438	530	452	530	558	530	619	530	596	
531	362	531	383	531	404	531	463	531	523	531	511	
532	344	532	351	532	369	532	411	532	467	532	488	
533	315	533	326	533	340	533	381	533	421	533	443	
534	283	534	303	534	315	534	343	534	380	534	390	
535	268	535	298	535	300	535	333	535	350	535	362	
536	264	536	288	536	280	536	324	536	325	536	333	
537	261	537	262	537	280	537	295	537	294	537	307	
538	251	538	256	538	262	538	281	538	270	538	279	
539	243	539	263	539	250	539	282	539	276	539	262	
540	241	540	259	540	253	540	269	540	280	540	261	
541	249	541	244	541	244	541	258	541	271	541	254	
542	235	542	236	542	240	542	251	542	265	542	254	
543	236	543	246	543	245	543	245	543	260	543	255	
544	248	544	236	544	268	544	249	544	260	544	256	
545	250	545	252	545	254	545	263	545	273	545	254	
546	260	546	275	546	272	546	264	546	283	546	263	
547	279	547	278	547	283	547	287	547	287	547	268	
548	292	548	276	548	286	548	310	548	300	548	286	
549	287	549	279	549	293	549	307	549	311	549	302	
550	327	550	315	550	316	550	336	550	326	550	311	
551	356	551	360	551	346	551	377	551	340	551	330	
552	401	552	411	552	391	552	412	552	401	552	395	
553	447	553	426	553	431	553	430	553	451	553	442	
554	484	554	487	554	488	554	516	554	520	554	496	
555	531	555	554	555	583	555	565	555	591	555	560	
556	655	556	659	556	661	556	659	556	649	556	664	
557	807	557	820	557	792	557	828	557	800	557	805	
558	967	558	948	558	1004	558	1007	558	996	558	972	
559	1123	559	1158	559	1169	559	1200	559	1183	559	1187	
560	1311	560	1314	560	1391	560	1402	560	1386	560	1393	
561	1550	561	1635	561	1639	561	1627	561	1632	561	1623	
562	1800	562	1831	562	1850	562	1881	562	1852	562	1870	
563	1793	563	1833	563	1908	563	1956	563	1894	563	1969	
564	1490	564	1540	564	1609	564	1592	564	1609	564	1644	
565	1057	565	1126	565	1127	565	1100	565	1153	565	1106	
566	799	566	794	566	802	566	785	566	817	566	788	
567	589	567	587	567	605	567	575	567	565	567	573	
568	415	568	441	568	438	568	443	568	426	568	425	
569	318	569	312	569	343	569	337	569	341	569	344	
570	272	570	278	570	288	570	279	570	287	570	299	
571	245	571	240	571	234	571	240	571	255	571	257	
572	217	572	216	572	203	572	209	572	224	572	223	
573	192	573	200	573	185	573	203	573	210	573	200	
574	163	574	183	574	180	574	174	574	188	574	182	
575	155	575	167	575	164	575	163	575	165	575	163	
576	150	576	158	576	149	576	158	576	163	576	154	
577	149	577	148	577	143	577	147	577	156	577	150	
578	153	578	144	578	140	578	142	578	150	578	142	
579	148	579	143	579	141	579	145	579	139	579	133	
580	144	580	147	580	144	580	143	580	145	580	137	
581	133	581	132	581	129	581	137	581	137	581	145	
582	124	582	117	582	122	582	138	582	132	582	136	
583	115	583	122	583	120	583	133	583	132	583	127	
584	117	584	121	584	118	584	130	584	129	584	130	
585	120	585	116	585	116	585	127	585	122	585	120	
586	120	586	116	586	116	586	124	586	125	586	120	
587	119	587	118	587	120	587	117	587	127	587	123	
588	116	588	111	588	120	588	113	588	129	588	125	
589	120	589	111	589	118	589	120	589	127	589	124	
590	118	590	113	590	111	590	126	590	118	590	118	
591	118	591	116	591	110	591	125	591	116	591	121	
592	123	592	122	592	108	592	119	592	118	592	119	
593	120	593	120	593	117	593	115	593	115	593	117	
594	115	594	120	594	123	594	114	594	112	594	115	
595	112	595	118	595	116	595	112	595	112	595	112	
596	108	596	122	596	113	596	115	596	117	596	117	
597	108	597	119	597	107	597	106	597	112	597	119	
598	115	598	118	598	108	598	109	598	112	598	117	
599	120	599	115	599	115	599	116	599	112	599	122	
600	123	600	116	600	119	600	122	600	115	600	114	
601	125	601	112	601	115	601	115	601	117	601	116	
602	115	602	114	602	115	602	118	602	111	602	117	
603	129	603	125	603	125	603	122	603	123	603	127	
604	130	604	122	604	131	604	131	604	133	604	123	
605	138	605	131	605	149	605	128	605	128	605	127	
606	160	606	151	606	161	606	154	606	137	606	151	
607	151	607	160	607	156	607	141	607	123	607	138	
608	143	608	136	608	148	608	122	608	137	608	133	
609	145	609	132	609	130	609	119	609	135	609	132	
610	160	610	137	610	140	610	130	610	134	610	130	
611	143	611	137	611	156	611	133	611	128	611	133	
612	127	612	139	612	136	612	140	612	134	612	129	
613	118	613	138	613	124	613	128	613	123	613	119	
614	117	614	137	614	124	614	125	614	116	614	116	
615	126	615	126	615	123	615	123	615	117	615	122	
616	134	616	125	616	119	616	124	616	117	616	110	
617	114	617	133	617	120	617	139	617	115	617	118	
618	125	618	138	618	127	618	129	618	133	618	127	
619	110	619	120	619	117	619	126	619	102	619	116	
620	114	620	116	620	122	620	121	620	111	620	118	
621	118	621	110	621	121	621	114	621	106	621	115	
622	117	622	114	622	110	622	117	622	111	622	117	
623	111	623	109	623	105	623	112	623	112	623	115	
624	119	624	115	624	115	624	120	624	111	624	105	
625	107	625	105	625	106	625	114	625	114	625	107	
626	114	626	104	626	109	626	111	626	117	626	106	
627	106	627	110	627	109	627	108	627	112	627	107	
628	108	628	99	628	105	628	110	628	111	628	86	
629	114	629	113	629	109	629	110	629	109	629	106	
630	105	630	102	630	104	630	107	630	110	630	101	
631	108	631	111	631	108	631	115	631	108	631	105	
632	108	632	108	632	105	632	109	632	111	632	108	
633	94	633	100	633	98	633	108	633	99	633	98	
634	110	634	105	634	104	634	113	634	103	634	108	
635	106	635	117	635	103	635	138	635	107	635	104	
636	105	636	105	636	98	636	102	636	104	636	110	
637	98	637	108	637	102	637	109	637	106	637	111	
638	104	638	101	638	104	638	106	638	104	638	102	
639	106	639	106	639	100	639	104	639	105	639	107	
640	107	640	105	640	106	640	112	640	106	640	109	
641	108	641	106	641	97	641	105	641	104	641	97	
642	109	642	107	642	99	642	106	642	103	642	106	
643	107	643	105	643	105	643	109	643	104	643	109	
644	102	644	94	644	103	644	97	644	104	644	108	
645	104	645	110	645	104	645	102	645	106	645	103	
646	102	646	115	646	108	646	104	646	95	646	97	
647	103	647	105	647	106	647	105	647	101	647	103	
648	108	648	106	648	105	648	105	648	105	648	104	
649	103	649	106	649	107	649	103	649	105	649	100	
650	98	650	108	650	109	650	106	650	103	650	106	
651	102	651	105	651	108	651	103	651	103	651	104	
652	107	652	107	652	112	652	111	652	101	652	105	
653	104	653	105	653	105	653	108	653	102	653	101	
654	108	654	114	654	112	654	112	654	108	654	113	
655	105	655	104	655	110	655	106	655	102	655	100	
656	106	656	106	656	108	656	104	656	102	656	104	
657	105	657	108	657	114	657	111	657	110	657	108	
658	108	658	109	658	107	658	108	658	114	658	110	
659	102	659	107	659	103	659	106	659	111	659	109	
660	105	660	112	660	105	660	109	660	109	660	114	
661	100	661	106	661	106	661	100	661	109	661	107	
662	100	662	112	662	105	662	100	662	112	662	102	
663	102	663	108	663	102	663	106	663	106	663	110	
664	111	664	113	664	103	664	109	664	106	664	118	
665	111	665	112	665	106	665	106	665	108	665	110	
666	103	666	107	666	100	666	106	666	104	666	104	
667	104	667	107	667	102	667	108	667	112	667	104	
668	108	668	103	668	108	668	105	668	105	668	105	
669	105	669	106	669	109	669	105	669	107	669	102	
670	101	670	105	670	108	670	103	670	110	670	99	
671	105	671	108	671	106	671	100	671	105	671	106	
672	102	672	103	672	103	672	106	672	103	672	105	
673	101	673	104	673	106	673	107	673	105	673	106	
674	98	674	105	674	102	674	106	674	105	674	108	
675	108	675	104	675	104	675	107	675	102	675	107	
676	102	676	99	676	103	676	110	676	105	676	103	
677	98	677	99	677	100	677	101	677	103	677	101	
678	96	678	102	678	104	678	101	678	102	678	102	
679	108	679	115	679	109	679	117	679	113	679	113	
680	104	680	105	680	100	680	110	680	101	680	102	
681	100	681	101	681	103	681	105	681	98	681	103	
682	102	682	99	682	105	682	102	682	101	682	104	
683	105	683	112	683	110	683	105	683	105	683	103	
684	101	684	107	684	103	684	106	684	109	684	104	
685	106	685	99	685	104	685	100	685	109	685	96	
686	100	686	98	686	109	686	103	686	96	686	98	
687	101	687	105	687	104	687	109	687	105	687	104	
688	102	688	111	688	110	688	114	688	109	688	113	
689	102	689	102	689	106	689	99	689	101	689	106	
690	110	690	109	690	113	690	103	690	108	690	103	
691	119	691	104	691	101	691	107	691	106	691	108	
692	124	692	105	692	105	692	113	692	112	692	102	
693	104	693	104	693	105	693	105	693	106	693	108	
694	97	694	105	694	100	694	101	694	106	694	102	
695	102	695	110	695	102	695	109	695	108	695	100	
696	97	696	107	696	103	696	103	696	104	696	96	
697	101	697	101	697	101	697	102	697	106	697	109	
698	102	698	106	698	106	698	103	698	108	698	115	
699	101	699	100	699	100	699	105	699	99	699	102	
700	101	700	106	700	108	700	104	700	103	700	105	
701	88	701	109	701	116	701	109	701	101	701	108	
702	104	702	102	702	104	702	107	702	98	702	100	
703	106	703	104	703	109	703	106	703	103	703	102	
704	108	704	106	704	111	704	105	704	107	704	110	
705	98	705	103	705	104	705	109	705	101	705	99	
706	98	706	103	706	103	706	109	706	105	706	96	
707	100	707	102	707	103	707	107	707	102	707	100	
708	103	708	106	708	105	708	108	708	102	708	100	
709	100	709	104	709	101	709	104	709	109	709	104	
710	89	710	107	710	109	710	106	710	106	710	105	
711	97	711	102	711	96	711	116	711	99	711	108	
712	111	712	111	712	105	712	111	712	92	712	100	
713	109	713	106	713	106	713	101	713	101	713	107	
714	96	714	106	714	105	714	105	714	103	714	102	
715	113	715	111	715	112	715	113	715	111	715	109	
716	100	716	104	716	102	716	105	716	104	716	104	
717	96	717	102	717	101	717	103	717	100	717	109	
718	104	718	106	718	109	718	112	718	106	718	106	
719	109	719	109	719	113	719	104	719	105	719	109	
720	103	720	105	720	107	720	105	720	104	720	102	
721	101	721	109	721	103	721	112	721	97	721	105	
722	101	722	108	722	106	722	103	722	102	722	104	
723	103	723	107	723	102	723	109	723	106	723	103	
724	103	724	100	724	105	724	106	724	100	724	100	
725	109	725	105	725	108	725	108	725	106	725	103	
726	109	726	111	726	105	726	108	726	102	726	105	
727	103	727	108	727	103	727	104	727	106	727	112	
728	96	728	101	728	100	728	105	728	103	728	102	
729	101	729	111	729	103	729	106	729	101	729	98	
730	99	730	105	730	110	730	97	730	105	730	97	
731	104	731	105	731	113	731	103	731	105	731	106	
732	105	732	104	732	104	732	103	732	104	732	106	
733	106	733	98	733	96	733	98	733	100	733	97	
734	106	734	103	734	106	734	101	734	104	734	100	
735	104	735	106	735	113	735	108	735	105	735	106	
736	104	736	105	736	110	736	106	736	100	736	98	
737	99	737	108	737	106	737	106	737	102	737	100	
738	109	738	111	738	113	738	108	738	107	738	109	
739	109	739	110	739	111	739	109	739	103	739	107	
740	106	740	109	740	106	740	105	740	108	740	102	
741	110	741	108	741	106	741	105	741	107	741	106	
742	111	742	109	742	105	742	105	742	102	742	105	
743	112	743	110	743	105	743	106	743	107	743	106	
744	113	744	107	744	106	744	107	744	109	744	104	
745	106	745	100	745	105	745	102	745	105	745	102	
746	99	746	109	746	104	746	98	746	105	746	103	
747	95	747	104	747	101	747	98	747	100	747	101	
748	98	748	98	748	95	748	100	748	98	748	102	
749	104	749	102	749	95	749	102	749	102	749	103	
750	101	750	105	750	101	750	103	750	102	750	103	
751	96	751	101	751	103	751	103	751	100	751	105	
752	94	752	98	752	102	752	101	752	100	752	103	
753	99	753	101	753	104	753	102	753	99	753	100	
754	103	754	102	754	106	754	103	754	99	754	98	
755	100	755	91	755	102	755	104	755	102	755	101	
756	105	756	97	756	107	756	110	756	109	756	112	
757	109	757	111	757	108	757	107	757	107	757	108	
758	107	758	99	758	103	758	104	758	100	758	94	
759	106	759	104	759	108	759	106	759	104	759	92	
760	96	760	99	760	103	760	107	760	101	760	97	
761	103	761	103	761	106	761	118	761	108	761	107	
762	104	762	105	762	104	762	115	762	108	762	108	
763	104	763	100	763	103	763	100	763	104	763	106	
764	104	764	94	764	100	764	105	764	104	764	105	
765	107	765	89	765	104	765	113	765	106	765	100	
766	101	766	103	766	105	766	111	766	105	766	107	
767	99	767	102	767	99	767	99	767	100	767	102	
768	111	768	105	768	102	768	108	768	107	768	104	
769	119	769	107	769	119	769	112	769	108	769	114	
770	101	770	98	770	103	770	104	770	96	770	104	
771	101	771	103	771	109	771	106	771	101	771	103	
772	111	772	105	772	107	772	106	772	107	772	100	
773	105	773	96	773	101	773	108	773	100	773	101	
774	106	774	104	774	105	774	104	774	98	774	101	
775	93	775	103	775	94	775	99	775	92	775	93	
776	102	776	104	776	103	776	108	776	99	776	112	
777	106	777	98	777	104	777	104	777	98	777	108	
778	96	778	97	778	94	778	100	778	97	778	92	
779	102	779	103	779	106	779	100	779	101	779	98	
780	103	780	107	780	104	780	98	780	101	780	95	
781	102	781	103	781	101	781	110	781	100	781	103	
782	107	782	106	782	101	782	106	782	111	782	98	
783	102	783	106	783	104	783	101	783	101	783	98	
784	111	784	105	784	114	784	109	784	107	784	106	
785	103	785	95	785	100	785	102	785	100	785	91	
786	95	786	104	786	101	786	109	786	104	786	96	
787	113	787	117	787	118	787	121	787	115	787	113	
788	105	788	107	788	106	788	110	788	108	788	105	
789	99	789	103	789	99	789	106	789	106	789	101	
790	101	790	104	790	104	790	110	790	104	790	102	
791	105	791	101	791	105	791	109	791	102	791	101	
792	108	792	102	792	102	792	106	792	101	792	100	
793	108	793	104	793	100	793	106	793	97	793	102	
794	108	794	106	794	101	794	106	794	96	794	105	
795	119	795	109	795	102	795	103	795	104	795	104	
796	114	796	107	796	102	796	108	796	106	796	101	
797	98	797	100	797	103	797	112	797	108	797	100	
798	100	798	97	798	100	798	103	798	107	798	98	
799	103	799	102	799	102	799	97	799	102	799	99	
800	108	800	109	800	104	800	100	800	106	800	104	
801	104	801	108	801	103	801	102	801	100	801	98	
802	101	802	104	802	99	802	101	802	99	802	98	
803	104	803	98	803	100	803	105	803	96	803	100	
804	92	804	98	804	98	804	103	804	94	804	96	
805	87	805	102	805	104	805	94	805	100	805	93	
806	102	806	99	806	94	806	105	806	97	806	97	
807	109	807	102	807	114	807	107	807	92	807	101	
808	103	808	104	808	103	808	101	808	98	808	104	
809	101	809	102	809	97	809	93	809	96	809	98	
810	97	810	103	810	103	810	99	810	104	810	104	
811	103	811	110	811	110	811	107	811	109	811	105	
812	103	812	104	812	103	812	103	812	99	812	95	
813	102	813	95	813	97	813	98	813	93	813	97	
814	83	814	95	814	98	814	104	814	97	814	92	
815	93	815	101	815	106	815	99	815	97	815	96	
816	96	816	112	816	108	816	104	816	121	816	97	
817	103	817	110	817	108	817	108	817	106	817	101	
818	104	818	104	818	104	818	103	818	98	818	103	
819	101	819	102	819	103	819	105	819	100	819	94	
820	103	820	106	820	105	820	104	820	101	820	100	
821	104	821	106	821	103	821	105	821	100	821	105	
822	104	822	103	822	106	822	104	822	103	822	106	
823	102	823	99	823	106	823	100	823	103	823	104	
824	104	824	104	824	105	824	106	824	106	824	106	
825	105	825	105	825	119	825	105	825	100	825	103	
826	102	826	100	826	116	826	98	826	98	826	98	
827	105	827	102	827	99	827	102	827	107	827	101	
828	106	828	105	828	101	828	104	828	105	828	102	
829	102	829	108	829	100	829	102	829	103	829	100	
830	103	830	105	830	102	830	101	830	104	830	102	
831	101	831	105	831	102	831	99	831	105	831	103	
832	104	832	105	832	106	832	103	832	104	832	103	
833	94	833	105	833	107	833	104	833	103	833	97	
834	96	834	103	834	100	834	100	834	94	834	86	
835	100	835	104	835	109	835	104	835	91	835	89	
836	97	836	104	836	97	836	103	836	106	836	103	
837	103	837	107	837	104	837	100	837	109	837	105	
838	100	838	101	838	104	838	100	838	98	838	102	
839	105	839	105	839	103	839	107	839	98	839	105	
840	104	840	102	840	101	840	102	840	98	840	102	
841	99	841	111	841	108	841	107	841	104	841	102	
842	106	842	100	842	100	842	103	842	95	842	98	
843	107	843	105	843	101	843	107	843	100	843	105	
844	106	844	102	844	101	844	103	844	102	844	104	
845	96	845	85	845	94	845	98	845	105	845	102	
846	103	846	100	846	104	846	106	846	103	846	105	
847	106	847	107	847	106	847	105	847	100	847	105	
848	106	848	105	848	108	848	104	848	101	848	103	
849	102	849	106	849	106	849	101	849	101	849	101	
850	99	850	106	850	103	850	100	850	98	850	101	
851	98	851	104	851	104	851	105	851	101	851	101	
852	98	852	105	852	106	852	106	852	106	852	104	
853	104	853	108	853	107	853	103	853	105	853	105	
854	104	854	103	854	104	854	104	854	103	854	100	
855	101	855	97	855	104	855	104	855	97	855	101	
856	103	856	100	856	104	856	107	856	95	856	104	
857	98	857	104	857	102	857	104	857	97	857	106	
858	99	858	111	858	107	858	104	858	99	858	102	
859	105	859	106	859	102	859	106	859	99	859	103	
860	99	860	103	860	105	860	106	860	102	860	104	
861	92	861	96	861	102	861	98	861	92	861	105	
862	113	862	110	862	102	862	105	862	106	862	103	
863	101	863	96	863	108	863	107	863	104	863	104	
864	114	864	131	864	111	864	99	864	105	864	102	
865	113	865	112	865	116	865	109	865	111	865	110	
866	99	866	101	866	102	866	105	866	111	866	99	
867	103	867	104	867	106	867	102	867	103	867	102	
868	105	868	107	868	104	868	109	868	90	868	100	
869	99	869	108	869	105	869	109	869	102	869	104	
870	109	870	116	870	105	870	109	870	104	870	105	
871	111	871	110	871	105	871	106	871	105	871	102	
872	105	872	108	872	101	872	111	872	105	872	103	
873	110	873	104	873	103	873	109	873	106	873	102	
874	108	874	105	874	108	874	107	874	104	874	101	
875	105	875	108	875	109	875	112	875	101	875	105	
876	106	876	101	876	106	876	108	876	99	876	106	
877	102	877	94	877	101	877	98	877	99	877	100	
878	99	878	100	878	102	878	101	878	102	878	97	
879	102	879	106	879	106	879	106	879	102	879	97	
880	107	880	111	880	104	880	101	880	104	880	99	
881	101	881	104	881	96	881	103	881	99	881	96	
882	103	882	107	882	103	882	111	882	101	882	100	
883	96	883	109	883	106	883	116	883	100	883	104	
884	98	884	100	884	100	884	103	884	95	884	98	
885	103	885	101	885	102	885	95	885	96	885	96	
886	98	886	98	886	99	886	107	886	105	886	97	
887	104	887	106	887	105	887	100	887	98	887	104	
888	98	888	97	888	96	888	99	888	99	888	91	
889	94	889	100	889	94	889	96	889	94	889	96	
890	104	890	101	890	104	890	101	890	101	890	103	
891	99	891	103	891	103	891	97	891	96	891	114	
892	102	892	109	892	103	892	104	892	95	892	108	
893	103	893	104	893	103	893	103	893	98	893	100	
894	98	894	101	894	104	894	106	894	100	894	99	
895	103	895	102	895	105	895	108	895	106	895	102	
896	107	896	105	896	107	896	107	896	110	896	106	
897	107	897	106	897	108	897	107	897	104	897	106	
898	106	898	104	898	104	898	105	898	100	898	102	
899	102	899	102	899	100	899	102	899	100	899	100	
900	103	900	103	900	104	900	102	900	102	900	103	
901	110	901	101	901	108	901	107	901	108	901	104	
902	111	902	93	902	104	902	104	902	109	902	103	
903	106	903	105	903	100	903	91	903	105	903	102	
904	100	904	114	904	106	904	104	904	103	904	98	
905	106	905	107	905	103	905	104	905	102	905	104	
906	100	906	101	906	103	906	105	906	104	906	103	
907	100	907	98	907	103	907	101	907	100	907	103	
908	102	908	108	908	108	908	108	908	102	908	105	
909	101	909	101	909	103	909	102	909	101	909	102	
910	100	910	101	910	101	910	103	910	95	910	96	
911	100	911	114	911	104	911	108	911	102	911	102	
912	100	912	107	912	105	912	104	912	99	912	105	
913	96	913	104	913	100	913	101	913	102	913	103	
914	93	914	102	914	98	914	97	914	96	914	99	
915	103	915	105	915	98	915	99	915	101	915	101	
916	106	916	103	916	102	916	102	916	104	916	102	
917	104	917	105	917	108	917	106	917	106	917	102	
918	107	918	110	918	110	918	107	918	110	918	103	
919	105	919	106	919	106	919	102	919	105	919	103	
920	98	920	103	920	105	920	101	920	100	920	105	
921	97	921	105	921	104	921	105	921	100	921	101	
922	100	922	104	922	104	922	110	922	103	922	98	
923	112	923	107	923	107	923	110	923	104	923	96	
924	108	924	107	924	105	924	107	924	117	924	101	
925	98	925	100	925	95	925	104	925	104	925	100	
926	106	926	103	926	105	926	100	926	111	926	102	
927	104	927	98	927	103	927	100	927	106	927	102	
928	107	928	107	928	100	928	100	928	97	928	102	
929	101	929	101	929	102	929	99	929	105	929	112	
930	103	930	108	930	97	930	104	930	103	930	105	
931	107	931	112	931	100	931	108	931	107	931	98	
932	95	932	103	932	94	932	102	932	112	932	95	
933	94	933	103	933	98	933	99	933	108	933	98	
934	98	934	106	934	104	934	96	934	101	934	103	
935	98	935	106	935	109	935	95	935	100	935	105	
936	104	936	108	936	111	936	100	936	102	936	105	
937	111	937	111	937	110	937	106	937	109	937	107	
938	111	938	112	938	109	938	106	938	115	938	106	
939	109	939	107	939	108	939	103	939	112	939	104	
940	107	940	98	940	104	940	111	940	104	940	106	
941	106	941	99	941	102	941	124	941	95	941	101	
942	113	942	105	942	105	942	98	942	100	942	103	
943	94	943	91	943	91	943	90	943	80	943	97	
944	105	944	102	944	103	944	107	944	105	944	111	
945	111	945	109	945	109	945	87	945	115	945	100	
946	98	946	103	946	102	946	102	946	106	946	102	
947	113	947	112	947	113	947	118	947	113	947	112	
948	90	948	94	948	97	948	95	948	93	948	94	
949	102	949	106	949	109	949	107	949	107	949	104	
950	103	950	112	950	104	950	116	950	101	950	103	
951	99	951	110	951	100	951	110	951	103	951	111	
952	102	952	111	952	107	952	102	952	105	952	110	
953	106	953	106	953	106	953	103	953	107	953	106	
954	104	954	102	954	97	954	102	954	103	954	101	
955	100	955	102	955	97	955	98	955	99	955	99	
956	104	956	101	956	105	956	102	956	101	956	102	
957	108	957	106	957	108	957	107	957	105	957	104	
958	103	958	109	958	105	958	106	958	106	958	103	
959	98	959	103	959	102	959	98	959	103	959	105	
960	106	960	104	960	98	960	86	960	101	960	109	
961	103	961	107	961	102	961	97	961	106	961	104	
962	103	962	105	962	107	962	102	962	89	962	106	
963	110	963	107	963	106	963	107	963	108	963	105	
964	102	964	104	964	105	964	102	964	100	964	103	
965	105	965	99	965	101	965	99	965	99	965	105	
966	108	966	103	966	103	966	105	966	101	966	105	
967	112	967	106	967	107	967	108	967	112	967	111	
968	107	968	105	968	105	968	101	968	109	968	106	
969	104	969	101	969	109	969	97	969	103	969	104	
970	104	970	101	970	109	970	101	970	105	970	109	
971	105	971	103	971	105	971	102	971	107	971	106	
972	97	972	103	972	102	972	101	972	105	972	104	
973	98	973	104	973	109	973	101	973	100	973	104	
974	107	974	104	974	114	974	105	974	99	974	105	
975	106	975	104	975	105	975	112	975	106	975	105	
976	105	976	105	976	103	976	109	976	107	976	103	
977	104	977	105	977	105	977	99	977	101	977	104	
978	104	978	105	978	103	978	100	978	98	978	100	
979	104	979	108	979	100	979	110	979	105	979	105	
980	106	980	114	980	106	980	111	980	109	980	106	
981	106	981	107	981	107	981	110	981	93	981	109	
982	94	982	110	982	107	982	104	982	108	982	102	
983	104	983	107	983	109	983	104	983	106	983	105	
984	106	984	108	984	107	984	103	984	104	984	101	
985	101	985	103	985	106	985	106	985	106	985	96	
986	104	986	100	986	100	986	103	986	96	986	98	
987	107	987	109	987	109	987	110	987	107	987	108	
988	108	988	108	988	106	988	108	988	110	988	108	
989	106	989	98	989	106	989	104	989	106	989	104	
990	104	990	98	990	109	990	103	990	108	990	102	
991	106	991	99	991	105	991	105	991	107	991	100	
992	106	992	97	992	102	992	108	992	106	992	102	
993	101	993	104	993	99	993	102	993	108	993	105	
994	102	994	102	994	96	994	96	994	103	994	105	
995	102	995	105	995	105	995	101	995	110	995	101	
996	106	996	109	996	107	996	104	996	108	996	103	
997	111	997	108	997	108	997	103	997	111	997	109	
998	100	998	101	998	99	998	97	998	110	998	97	
999	106	999	101	999	103	999	104	999	111	999	101	
1000	103	1000	107	1000	111	1000	100	1000	96	1000	103	
1001	86	1001	115	1001	105	1001	105	1001	105	1001	104	
1002	104	1002	106	1002	104	1002	103	1002	101	1002	103	
1003	107	1003	107	1003	102	1003	98	1003	99	1003	102	
1004	108	1004	109	1004	105	1004	100	1004	101	1004	103	
1005	104	1005	107	1005	109	1005	103	1005	102	1005	104	
1006	97	1006	105	1006	107	1006	103	1006	104	1006	104	
1007	97	1007	104	1007	105	1007	101	1007	100	1007	105	
1008	99	1008	103	1008	102	1008	100	1008	96	1008	103	
1009	101	1009	100	1009	97	1009	103	1009	101	1009	101	
1010	105	1010	103	1010	107	1010	105	1010	101	1010	101	
1011	102	1011	107	1011	113	1011	108	1011	105	1011	100	
1012	98	1012	106	1012	115	1012	107	1012	110	1012	105	
1013	105	1013	108	1013	107	1013	102	1013	96	1013	105	
1014	104	1014	107	1014	104	1014	100	1014	97	1014	102	
1015	101	1015	97	1015	95	1015	97	1015	99	1015	98	
1016	97	1016	92	1016	94	1016	105	1016	95	1016	94	
1017	105	1017	103	1017	100	1017	98	1017	103	1017	104	
1018	101	1018	101	1018	100	1018	99	1018	101	1018	101	
1019	100	1019	100	1019	100	1019	100	1019	100	1019	100	
1020	100	1020	100	1020	100	1020	100	1020	100	1020	100	
1021	100	1021	100	1021	100	1021	100	1021	100	1021	100	
1022	1	1022	1	1022	1	1022	1	1022	1	1022	1	
1023	1	1023	1	1023	1	1023	1	1023	1	1023	1	
