0.05	0.30137243019910037
0.051000000000000004	0.3036494277428967
0.052000000000000005	0.3058777513966789
0.053000000000000005	0.3080591770486724
0.054000000000000006	0.3101953872299522
0.055	0.3122879774458207
0.056	0.31433846198865595
0.057	0.3163482792813883
0.058	0.31831879679460484
0.059000000000000004	0.3202513155820386
0.060000000000000005	0.322147074456332
0.061000000000000006	0.3240072538540103
0.062	0.3258329794053564
0.063	0.3276253252396708
0.064	0.3293853170481088
0.065	0.33111393492483493
0.066	0.3328121160052276
0.067	0.33448075691806717
0.068	0.3361207160670402
0.069	0.3377328157554561
0.07	0.3393178441667866
0.07100000000000001	0.34087655721248505
0.07200000000000001	0.3424096802575056
0.07300000000000001	0.3439179097330145
0.07400000000000001	0.34540191464493775
0.075	0.34686233798624705
0.076	0.3482997980601899
0.077	0.3497148897210612
0.078	0.35110818553855555
0.079	0.35248023689123065
0.08	0.3538315749941588
0.081	0.355162711865425
0.082	0.35647414123575555
0.083	0.3577663394052158
0.084	0.35903976605060395
0.085	0.3602948649868842
0.08600000000000001	0.36153206488574313
0.08700000000000001	0.3627517799541132
0.08800000000000001	0.3639544105752957
0.08900000000000001	0.3651403439151138
0.09	0.36630995449534537
0.091	0.3674636044824701
0.092	0.36860164519612776
0.093	0.36972441613800117
0.094	0.37083224672162535
0.095	0.37192545522670517
0.096	0.37300435106227564
0.097	0.37406923395133707
0.098	0.37512039460347923
0.099	0.3761581150717216
0.1	0.377182669091912
0.101	0.3781943224056929
0.10200000000000001	0.37919333306797515
0.10300000000000001	0.380179951739801
0.10400000000000001	0.38115442196741595
0.10500000000000001	0.38211698044832093
0.10600000000000001	0.3830678572850218
0.107	0.3840072762271523
0.108	0.3849354549025989
0.109	0.3858526050382236
0.11	0.3867589326707351
0.111	0.38765463834823216
0.112	0.3885399173229095
0.113	0.3894149597353817
0.114	0.3902799507910623
0.115	0.39113507092900124
0.116	0.3919804959835648
0.117	0.39281639733931667
0.11800000000000001	0.39364294207839523
0.11900000000000001	0.39446029312692954
0.12000000000000001	0.39526860938537406
0.12100000000000001	0.3960680458634185
0.122	0.39685875380460833
0.123	0.3976408808069236
0.124	0.3984145709385651
0.125	0.3991799648491768
0.126	0.3999371998767163
0.127	0.4006864101501756
0.128	0.4014277266883462
0.129	0.40216127749480596
0.13	0.4028871876493038
0.131	0.40360557939570124
0.132	0.404316572226627
0.133	0.40502028296499065
0.134	0.4057168258424936
0.135	0.40640631257526916
0.136	0.4070888524367777
0.137	0.4077645523280731
0.138	0.4084335168455562
0.139	0.4090958483463205
0.14	0.4097516470111936
0.14100000000000001	0.410401010905568
0.14200000000000002	0.4110440360381186
0.14300000000000002	0.41168081641748905
0.14400000000000002	0.41231144410703585
0.14500000000000002	0.41293600927770485
0.14600000000000002	0.4135546002591196
0.147	0.4141673035889521
0.148	0.4147742040606448
0.149	0.4153753847695505
0.15	0.4159709271575511
0.151	0.4165609110562177
0.152	0.4171454147285651
0.153	0.41772451490945967
0.154	0.41829828684472914
0.155	0.4188668043290257
0.156	0.4194301397424895
0.157	0.41998836408625734
0.158	0.4205415470168626
0.159	0.4210897568795625
0.16	0.42163306074063917
0.161	0.4221715244187072
0.162	0.4227052125150667
0.163	0.42323418844313565
0.164	0.4237585144569964
0.165	0.4242782516790856
0.166	0.4247934601270608
0.167	0.42530419873987213
0.168	0.4258105254030666
0.169	0.4263124969733526
0.17	0.4268101693024512
0.171	0.4273035972602573
0.17200000000000001	0.42779283475733604
0.17300000000000001	0.42827793476677667
0.17400000000000002	0.42875894934542585
0.17500000000000002	0.4292359296545221
0.17600000000000002	0.4297089259797505
0.17700000000000002	0.4301779877507381
0.178	0.4306431635600083
0.179	0.4311045011814125
0.18	0.4315620475880559
0.181	0.4320158489697342
0.182	0.43246595049584624
0.183	0.4329123973371512
0.184	0.4333552331904514
0.185	0.4337945012774931
0.186	0.43423024411710553
0.187	0.4346625035400181
0.188	0.4350913210209611
0.189	0.4355167364317123
0.19	0.43593878993132584
0.191	0.43635752073863693
0.192	0.43677296745287175
0.193	0.43718516806630536
0.194	0.4375941599766003
0.195	0.43799997999883145
0.196	0.43840266437720826
0.197	0.4388022487965051
0.198	0.439198768393205
0.199	0.43959225776636907
0.2	0.4399827509882362
0.201	0.44037028161456465
0.202	0.4407548826947203
0.203	0.44113658678151974
0.20400000000000001	0.4415154259408358
0.20500000000000002	0.44189143176097345
0.20600000000000002	0.44226463536181937
0.20700000000000002	0.44263506740377445
0.20800000000000002	0.44300275809647655
0.20900000000000002	0.44336773720731465
0.21000000000000002	0.44373003406974537
0.211	0.44408967759141543
0.212	0.44444669626209393
0.213	0.44480111816142254
0.214	0.4451529709664875
0.215	0.4455022819592167
0.216	0.4458490780336109
0.217	0.44619338570280725
0.218	0.4465352311059872
0.219	0.44687464001512617
0.22	0.44721163784159385
0.221	0.4475462496426071
0.222	0.44787850012753977
0.223	0.44820841366409353
0.224	0.44853601428433254
0.225	0.4488613256905876
0.226	0.44918437126123023
0.227	0.44950517405632173
0.228	0.44982375682314224
0.229	0.45014014200159896
0.23	0.45045435172952003
0.231	0.4507664078478343
0.232	0.4510763319056437
0.233	0.45138414516518593
0.234	0.4516898686066947
0.23500000000000001	0.4519935229331577
0.23600000000000002	0.452295128574975
0.23700000000000002	0.4525947056945224
0.23800000000000002	0.45289227419061806
0.23900000000000002	0.45318785370289993
0.24000000000000002	0.4534814636149643
0.24100000000000002	0.45377312306313206
0.242	0.45406285093374654
0.243	0.45435066587172446
0.244	0.4546365862833811
0.245	0.454920630340301
0.246	0.45520281598313145
0.247	0.45548316092529806
0.248	0.455761682656651
0.249	0.45603839844703503
0.25	0.45631332534979324
0.251	0.45658648020519765
0.252	0.4568578796438182
0.253	0.4571275400898215
0.254	0.45739547776420925
0.255	0.45766170868799216
0.256	0.457926248685304
0.257	0.45818911338645607
0.258	0.4584503182309325
0.259	0.4587098784703306
0.26	0.4589678091712433
0.261	0.4592241252180898
0.262	0.45947884131589045
0.263	0.4597319719929929
0.264	0.45998353160374456
0.265	0.4602335343311173
0.266	0.46048199418928304
0.267	0.46072892502614216
0.268	0.4609743405258057
0.269	0.461218254211031
0.27	0.4614606794456152
0.271	0.46170162943674314
0.272	0.46194111723729403
0.273	0.4621791557481067
0.274	0.4624157577202034
0.275	0.4626509357569746
0.276	0.4628847023163241
0.277	0.4631170697127773
0.278	0.4633480501195505
0.279	0.46357765557058545
0.28	0.46380589796254723
0.281	0.4640327890567862
0.28200000000000003	0.4642583404812684
0.28300000000000003	0.46448256373247016
0.28400000000000003	0.46470547017724023
0.28500000000000003	0.46492707105463005
0.28600000000000003	0.46514737747769386
0.28700000000000003	0.4653664004352548
0.28800000000000003	0.46558415079364357
0.28900000000000003	0.46580063929840715
0.29000000000000004	0.46601587657598686
0.291	0.4662298731353702
0.292	0.4664426393697123
0.293	0.46665418555793353
0.294	0.46686452186628735
0.295	0.46707365834990217
0.296	0.46728160495430043
0.297	0.467488371516889
0.298	0.46769396776842664
0.299	0.46789840333446764
0.3	0.46810168773678074
0.301	0.46830383039474494
0.302	0.46850484062672354
0.303	0.4687047276514146
0.304	0.46890350058917996
0.305	0.469101168463353
0.306	0.46929774020152554
0.307	0.4694932246368122
0.308	0.46968763050909784
0.309	0.4698809664662615
0.31	0.470073241065384
0.311	0.47026446277393386
0.312	0.47045463997093545
0.313	0.47064378094811987
0.314	0.47083189391105484
0.315	0.47101898698026073
0.316	0.4712050681923052
0.317	0.4713901455008837
0.318	0.4715742267778814
0.319	0.4717573198144203
0.32	0.4719394323218882
0.321	0.4721205719329534
0.322	0.4723007462025629
0.323	0.47247996260892616
0.324	0.4726582285544826
0.325	0.47283555136685596
0.326	0.47301193829979216
0.327	0.47318739653408526
0.328	0.4733619331784876
0.329	0.47353555527060687
0.33	0.4737082697777899
0.331	0.4738800835979933
0.332	0.47405100356064
0.333	0.474221036427465
0.334	0.4743901888933469
0.335	0.4745584675871272
0.336	0.47472587907241903
0.337	0.47489242984840146
0.338	0.47505812635060524
0.339	0.4752229749516844
0.34	0.47538698196217705
0.341	0.4755501536312571
0.342	0.47571249614747185
0.343	0.4758740156394722
0.34400000000000003	0.4760347181767295
0.34500000000000003	0.4761946097702435
0.34600000000000003	0.47635369637324043
0.34700000000000003	0.4765119838818601
0.34800000000000003	0.4766694781358336
0.34900000000000003	0.4768261849191515
0.35000000000000003	0.476982109960722
0.35100000000000003	0.47713725893502057
0.35200000000000004	0.47729163746273023
0.35300000000000004	0.477445251111371
0.354	0.47759810539592373
0.355	0.47775020577944277
0.356	0.4779015576736603
0.357	0.47805216643958315
0.358	0.4782020373880807
0.359	0.4783511757804642
0.36	0.4784995868290594
0.361	0.47864727569776944
0.362	0.47879424725957914
0.363	0.47894050706383157
0.364	0.479086059894897
0.365	0.47923091072848034
0.366	0.4793750644945706
0.367	0.4795185260779584
0.368	0.4796613003187484
0.369	0.4798033920128644
0.37	0.47994480591254757
0.371	0.4800855467268479
0.372	0.48022561912210837
0.373	0.48036502772244455
0.374	0.48050377711021497
0.375	0.4806418721391191
0.376	0.4807793166891133
0.377	0.48091611552761226
0.378	0.48105227307453496
0.379	0.48118779371031056
0.38	0.481322681776314
0.381	0.4814569415752952
0.382	0.4815905773718044
0.383	0.48172359339260945
0.384	0.48185599382710925
0.385	0.48198778282774163
0.386	0.48211896451038555
0.387	0.48224954295475797
0.388	0.48237952220480584
0.389	0.48250890626909343
0.39	0.4826376991211833
0.391	0.4827659047000145
0.392	0.4828935269102733
0.393	0.4830205696227616
0.394	0.4831470366747588
0.395	0.48327293187038023
0.396	0.48339825898093053
0.397	0.4835230217452521
0.398	0.4836472238700707
0.399	0.4837708690303338
0.4	0.48389396086954867
0.401	0.4840165030001122
0.402	0.48413849900363853
0.403	0.48425995243128334
0.404	0.4843808668040622
0.405	0.48450124561316693
0.406	0.48462109232027506
0.40700000000000003	0.4847404103578591
0.40800000000000003	0.4848592031294898
0.40900000000000003	0.4849774740101349
0.41000000000000003	0.48509522634645696
0.41100000000000003	0.4852124634571047
0.41200000000000003	0.48532918863300256
0.41300000000000003	0.48544540513763534
0.41400000000000003	0.4855611162073312
0.41500000000000004	0.485676325051539
0.41600000000000004	0.48579103485310404
0.41700000000000004	0.4859052487685391
0.41800000000000004	0.4860189699282932
0.419	0.4861322014370166
0.42	0.48624494637382315
0.421	0.48635720779254804
0.422	0.48646898872200395
0.423	0.48658029216623433
0.424	0.48669112110476104
0.425	0.4868014784928326
0.426	0.486911367261667
0.427	0.48702079031869255
0.428	0.487129750547785
0.429	0.48723825080950367
0.43	0.48734629394132234
0.431	0.48745388275785967
0.432	0.4875610200511054
0.433	0.4876677085906443
0.434	0.4877739511238776
0.435	0.4878797503762421
0.436	0.4879851090514261
0.437	0.4880900298315831
0.438	0.48819451537754277
0.439	0.48829856832902
0.44	0.4884021913048209
0.441	0.48850538690304757
0.442	0.48860815770129806
0.443	0.4887105062568664
0.444	0.4888124351069402
0.445	0.48891394676879435
0.446	0.489015043739983
0.447	0.48911572849853124
0.448	0.48921600350312117
0.449	0.4893158711932799
0.45	0.48941533398956133
0.451	0.4895143942937294
0.452	0.4896130544889355
0.453	0.4897113169398986
0.454	0.48980918399307893
0.455	0.48990665797685207
0.456	0.4900037412016804
0.457	0.49010043596028324
0.458	0.49019674452780365
0.459	0.490292669161975
0.46	0.4903882121032847
0.461	0.49048337557513605
0.462	0.49057816178400926
0.463	0.49067257291961935
0.464	0.49076661115507336
0.465	0.49086027864702503
0.466	0.49095357753582813
0.467	0.4910465099456887
0.468	0.491139077984814
0.46900000000000003	0.49123128374556185
0.47000000000000003	0.4913231293045866
0.47100000000000003	0.4914146167229837
0.47200000000000003	0.4915057480464348
0.47300000000000003	0.4915965253053478
0.47400000000000003	0.491686950514999
0.47500000000000003	0.49177702567567
0.47600000000000003	0.49186675277278613
0.47700000000000004	0.49195613377705233
0.47800000000000004	0.49204517064458725
0.47900000000000004	0.4921338653170553
0.48000000000000004	0.49222221972179986
0.48100000000000004	0.49231023577197164
0.482	0.492397915366658
0.483	0.4924852603910104
0.484	0.4925722727163697
0.485	0.4926589542003912
0.486	0.4927453066871668
0.487	0.492831332007349
0.488	0.4929170319782691
0.489	0.4930024084040574
0.49	0.4930874630757621
0.491	0.4931721977714647
0.492	0.4932566142563961
0.493	0.4933407142830513
0.494	0.4934244995913017
0.495	0.49350797190850737
0.496	0.4935911329496281
0.497	0.4936739844173325
0.498	0.4937565280021069
0.499	0.49383876538236177
0.5	0.493920698224539