0.05	0.30137243019910037
0.051000000000000004	0.3036494277428967
0.052000000000000005	0.3058777513966789
0.053000000000000005	0.3080591770486724
0.054000000000000006	0.3101953872299522
0.055	0.3122879774458207
0.056	0.31433846198865595
0.057	0.3163482792813883
0.058	0.31831879679460484
0.059000000000000004	0.3202513155820386
0.060000000000000005	0.322147074456332
0.061000000000000006	0.3240072538540103
0.062	0.3258329794053564
0.063	0.3276253252396708
0.064	0.3293853170481088
0.065	0.33111393492483493
0.066	0.3328121160052276
0.067	0.33448075691806717
0.068	0.3361207160670402
0.069	0.3377328157554561
0.07	0.3393178441667866
0.07100000000000001	0.34087655721248505
0.07200000000000001	0.3424096802575056
0.07300000000000001	0.3439179097330145
0.07400000000000001	0.34540191464493775
0.075	0.34686233798624705
0.076	0.3482997980601899
0.077	0.3497148897210612
0.078	0.35110818553855555
0.079	0.35248023689123065
0.08	0.3538315749941588
0.081	0.355162711865425
0.082	0.35647414123575555
0.083	0.3577663394052158
0.084	0.35903976605060395
0.085	0.3602948649868842
0.08600000000000001	0.36153206488574313
0.08700000000000001	0.3627517799541132
0.08800000000000001	0.3639544105752957
0.08900000000000001	0.3651403439151138
0.09	0.36630995449534537
0.091	0.3674636044824701
0.092	0.36860164519612776
0.093	0.36972441613800117
0.094	0.37083224672162535
0.095	0.37192545522670517
0.096	0.37300435106227564
0.097	0.37406923395133707
0.098	0.37512039460347923
0.099	0.3761581150717216
0.1	0.377182669091912
0.101	0.3781943224056929
0.10200000000000001	0.37919333306797515
0.10300000000000001	0.380179951739801
0.10400000000000001	0.38115442196741595
0.10500000000000001	0.38211698044832093
0.10600000000000001	0.3830678572850218
0.107	0.3840072762271523
0.108	0.3849354549025989
0.109	0.3858526050382236
0.11	0.3867589326707351
0.111	0.38765463834823216
0.112	0.3885399173229095
0.113	0.3894149597353817
0.114	0.3902799507910623
0.115	0.39113507092900124
0.116	0.3919804959835648
0.117	0.39281639733931667
0.11800000000000001	0.39364294207839523
0.11900000000000001	0.39446029312692954
0.12000000000000001	0.395268609385374
0.12100000000000001	0.3960680458634185
0.122	0.39685875380460833
0.123	0.3976408808069236
0.124	0.3984145709385651
0.125	0.3991799648491768
0.126	0.3999371998767163
0.127	0.4006864101501756
0.128	0.4014277266883462
0.129	0.40216127749480596
0.13	0.4028871876493038
0.131	0.40360557939570124
0.132	0.404316572226627
0.133	0.40502028296499065
0.134	0.4057168258424936
0.135	0.40640631257526916
0.136	0.4070888524367777
0.137	0.4077645523280731
0.138	0.4084335168455562
0.139	0.4090958483463205
0.14	0.4097516470111936
0.14100000000000001	0.410401010905568
0.14200000000000002	0.4110440360381186
0.14300000000000002	0.41168081641748905
0.14400000000000002	0.41231144410703585
0.14500000000000002	0.41293600927770485
0.14600000000000002	0.4135546002591196
0.147	0.4141673035889521
0.148	0.4147742040606448
0.149	0.4153753847695505
0.15	0.4159709271575511
0.151	0.4165609110562177
0.152	0.4171454147285651
0.153	0.41772451490945967
0.154	0.41829828684472914
0.155	0.4188668043290257
0.156	0.4194301397424895
0.157	0.41998836408625734
0.158	0.4205415470168626
0.159	0.4210897568795625
0.16	0.42163306074063917
0.161	0.4221715244187072
0.162	0.4227052125150667
0.163	0.42323418844313565
0.164	0.4237585144569964
0.165	0.4242782516790856
0.166	0.4247934601270608
0.167	0.42530419873987213
0.168	0.4258105254030666
0.169	0.4263124969733526
0.17	0.4268101693024512
0.171	0.4273035972602573
0.17200000000000001	0.42779283475733604
0.17300000000000001	0.42827793476677667
0.17400000000000002	0.4287589493454259
0.17500000000000002	0.4292359296545221
0.17600000000000002	0.4297089259797505
0.17700000000000002	0.4301779877507381
0.178	0.4306431635600083
0.179	0.4311045011814125
0.18	0.4315620475880559
0.181	0.4320158489697342
0.182	0.43246595049584624
0.183	0.4329123973371512
0.184	0.4333552331904514
0.185	0.4337945012774931
0.186	0.43423024411710553
0.187	0.4346625035400181
0.188	0.4350913210209611
0.189	0.4355167364317123
0.19	0.43593878993132584
0.191	0.43635752073863693
0.192	0.43677296745287175
0.193	0.43718516806630536
0.194	0.4375941599766003
0.195	0.43799997999883145
0.196	0.43840266437720826
0.197	0.4388022487965051
0.198	0.439198768393205
0.199	0.43959225776636907
0.2	0.4399827509882362
0.201	0.44037028161456465
0.202	0.4407548826947203
0.203	0.44113658678151974
0.20400000000000001	0.4415154259408358
0.20500000000000002	0.44189143176097345
0.20600000000000002	0.44226463536181937
0.20700000000000002	0.44263506740377445
0.20800000000000002	0.44300275809647655
0.20900000000000002	0.44336773720731465
0.21000000000000002	0.44373003406974537
0.211	0.44408967759141543
0.212	0.44444669626209393
0.213	0.44480111816142254
0.214	0.4451529709664875
0.215	0.4455022819592167
0.216	0.4458490780336109
0.217	0.44619338570280725
0.218	0.4465352311059872
0.219	0.44687464001512617
0.22	0.44721163784159385
0.221	0.4475462496426071
0.222	0.44787850012753977
0.223	0.44820841366409353
0.224	0.44853601428433254
0.225	0.4488613256905876
0.226	0.44918437126123023
0.227	0.44950517405632173
0.228	0.44982375682314224
0.229	0.45014014200159896
0.23	0.45045435172952003
0.231	0.4507664078478343
0.232	0.4510763319056437
0.233	0.45138414516518593
0.234	0.45168986860669463
0.23500000000000001	0.4519935229331577
0.23600000000000002	0.452295128574975
0.23700000000000002	0.4525947056945224
0.23800000000000002	0.45289227419061806
0.23900000000000002	0.45318785370289993
0.24000000000000002	0.4534814636149643
0.24100000000000002	0.45377312306313206
0.242	0.45406285093374654
0.243	0.45435066587172446
0.244	0.4546365862833811
0.245	0.454920630340301
0.246	0.45520281598313145
0.247	0.45548316092529806
0.248	0.455761682656651
0.249	0.45603839844703503
0.25	0.45631332534979324
0.251	0.45658648020519765
0.252	0.4568578796438182
0.253	0.4571275400898215
0.254	0.45739547776420925
0.255	0.45766170868799216
0.256	0.457926248685304
0.257	0.45818911338645607
0.258	0.4584503182309325
0.259	0.4587098784703306
0.26	0.4589678091712433
0.261	0.4592241252180898
0.262	0.45947884131589045
0.263	0.4597319719929929
0.264	0.45998353160374456
0.265	0.4602335343311173
0.266	0.46048199418928304
0.267	0.46072892502614216
0.268	0.4609743405258057
0.269	0.4612182542110312
0.27	0.4614606794456152
0.271	0.46170162943674314
0.272	0.46194111723729403
0.273	0.4621791557481067
0.274	0.4624157577202034
0.275	0.46265093575697447
0.276	0.4628847023163241
0.277	0.4631170697127773
0.278	0.4633480501195505
0.279	0.46357765557058545
0.28	0.46380589796254723
0.281	0.4640327890567862
0.28200000000000003	0.4642583404812684
0.28300000000000003	0.46448256373247016
0.28400000000000003	0.46470547017724023
0.28500000000000003	0.46492707105463005
0.28600000000000003	0.46514737747769386
0.28700000000000003	0.4653664004352548
0.28800000000000003	0.46558415079364357
0.28900000000000003	0.46580063929840715
0.29000000000000004	0.46601587657598686
0.291	0.4662298731353702
0.292	0.4664426393697122
0.293	0.46665418555793353
0.294	0.46686452186628735
0.295	0.46707365834990217
0.296	0.46728160495430043
0.297	0.467488371516889
0.298	0.46769396776842664
0.299	0.46789840333446764
0.3	0.46810168773678074
0.301	0.46830383039474494
0.302	0.46850484062672354
0.303	0.4687047276514146
0.304	0.46890350058917996
0.305	0.469101168463353
0.306	0.46929774020152554
0.307	0.4694932246368122
0.308	0.46968763050909784
0.309	0.4698809664662615
0.31	0.470073241065384
0.311	0.47026446277393386
0.312	0.47045463997093545
0.313	0.47064378094811987
0.314	0.47083189391105484
0.315	0.47101898698026073
0.316	0.4712050681923052
0.317	0.4713901455008837
0.318	0.4715742267778814
0.319	0.4717573198144203
0.32	0.4719394323218882
0.321	0.4721205719329534
0.322	0.4723007462025629
0.323	0.47247996260892616
0.324	0.4726582285544826
0.325	0.47283555136685596
0.326	0.47301193829979216
0.327	0.47318739653408526
0.328	0.4733619331784876
0.329	0.47353555527060687
0.33	0.4737082697777899
0.331	0.4738800835979933
0.332	0.47405100356064
0.333	0.474221036427465
0.334	0.4743901888933469
0.335	0.4745584675871272
0.336	0.47472587907241903
0.337	0.47489242984840146
0.338	0.47505812635060524
0.339	0.4752229749516844
0.34	0.47538698196217705
0.341	0.4755501536312571
0.342	0.47571249614747185
0.343	0.4758740156394722
0.34400000000000003	0.4760347181767295
0.34500000000000003	0.4761946097702435
0.34600000000000003	0.47635369637324043
0.34700000000000003	0.4765119838818601
0.34800000000000003	0.4766694781358338
0.34900000000000003	0.4768261849191515
0.35000000000000003	0.476982109960722
0.35100000000000003	0.47713725893502057
0.35200000000000004	0.47729163746273023
0.35300000000000004	0.477445251111371
0.354	0.47759810539592373
0.355	0.47775020577944277
0.356	0.4779015576736603
0.357	0.4780521664395833
0.358	0.4782020373880807
0.359	0.4783511757804642
0.36	0.4784995868290594
0.361	0.47864727569776944
0.362	0.47879424725957914
0.363	0.47894050706383157
0.364	0.479086059894897
0.365	0.47923091072848034
0.366	0.4793750644945706
0.367	0.4795185260779584
0.368	0.4796613003187484
0.369	0.4798033920128644
0.37	0.47994480591254757
0.371	0.48008554672684783
0.372	0.48022561912210837
0.373	0.48036502772244455
0.374	0.48050377711021497
0.375	0.4806418721391191
0.376	0.4807793166891133
0.377	0.48091611552761226
0.378	0.48105227307453496
0.379	0.48118779371031056
0.38	0.481322681776314
0.381	0.4814569415752952
0.382	0.4815905773718044
0.383	0.48172359339260945
0.384	0.48185599382710925
0.385	0.48198778282774163
0.386	0.48211896451038555
0.387	0.48224954295475797
0.388	0.48237952220480584
0.389	0.48250890626909343
0.39	0.4826376991211833
0.391	0.4827659047000145
0.392	0.4828935269102733
0.393	0.4830205696227616
0.394	0.4831470366747588
0.395	0.48327293187038023
0.396	0.48339825898093053
0.397	0.4835230217452521
0.398	0.4836472238700707
0.399	0.4837708690303338
0.4	0.48389396086954867
0.401	0.4840165030001122
0.402	0.48413849900363853
0.403	0.48425995243128334
0.404	0.4843808668040622
0.405	0.48450124561316693
0.406	0.48462109232027506
0.40700000000000003	0.4847404103578591
0.40800000000000003	0.4848592031294898
0.40900000000000003	0.4849774740101349
0.41000000000000003	0.48509522634645696
0.41100000000000003	0.4852124634571047
0.41200000000000003	0.48532918863300256
0.41300000000000003	0.48544540513763534
0.41400000000000003	0.4855611162073312
0.41500000000000004	0.485676325051539
0.41600000000000004	0.48579103485310404
0.41700000000000004	0.4859052487685391
0.41800000000000004	0.4860189699282932
0.419	0.4861322014370166
0.42	0.48624494637382315
0.421	0.48635720779254804
0.422	0.48646898872200395
0.423	0.48658029216623433
0.424	0.48669112110476104
0.425	0.4868014784928326
0.426	0.486911367261667
0.427	0.48702079031869255
0.428	0.487129750547785
0.429	0.48723825080950367
0.43	0.48734629394132234
0.431	0.48745388275785967
0.432	0.4875610200511054
0.433	0.4876677085906443
0.434	0.4877739511238776
0.435	0.4878797503762421
0.436	0.4879851090514261
0.437	0.4880900298315831
0.438	0.48819451537754277
0.439	0.48829856832902
0.44	0.4884021913048209
0.441	0.48850538690304757
0.442	0.48860815770129806
0.443	0.4887105062568664
0.444	0.4888124351069402
0.445	0.48891394676879435
0.446	0.489015043739983
0.447	0.48911572849853124
0.448	0.48921600350312117
0.449	0.4893158711932799
0.45	0.48941533398956133
0.451	0.4895143942937294
0.452	0.4896130544889355
0.453	0.4897113169398986
0.454	0.48980918399307893
0.455	0.48990665797685207
0.456	0.4900037412016804
0.457	0.49010043596028324
0.458	0.49019674452780365
0.459	0.490292669161975
0.46	0.4903882121032847
0.461	0.49048337557513605
0.462	0.49057816178400926
0.463	0.49067257291961935
0.464	0.49076661115507336
0.465	0.49086027864702503
0.466	0.49095357753582813
0.467	0.4910465099456887
0.468	0.4911390779848141
0.46900000000000003	0.49123128374556185
0.47000000000000003	0.4913231293045866
0.47100000000000003	0.4914146167229837
0.47200000000000003	0.4915057480464348
0.47300000000000003	0.4915965253053478
0.47400000000000003	0.491686950514999
0.47500000000000003	0.49177702567567
0.47600000000000003	0.49186675277278613
0.47700000000000004	0.49195613377705233
0.47800000000000004	0.49204517064458725
0.47900000000000004	0.4921338653170553
0.48000000000000004	0.4922222197217998
0.48100000000000004	0.49231023577197164
0.482	0.492397915366658
0.483	0.4924852603910104
0.484	0.4925722727163697
0.485	0.4926589542003912
0.486	0.4927453066871668
0.487	0.492831332007349
0.488	0.4929170319782691
0.489	0.4930024084040574
0.49	0.4930874630757621
0.491	0.4931721977714647
0.492	0.4932566142563961
0.493	0.4933407142830513
0.494	0.4934244995913017
0.495	0.49350797190850737
0.496	0.4935911329496281
0.497	0.4936739844173325
0.498	0.4937565280021069
0.499	0.49383876538236177
0.5	0.493920698224539
0.501	0.49400232818321627
0.502	0.4940836569012109
0.503	0.4941646860096832
0.504	0.49424541712823794
0.505	0.4943258518650254
0.506	0.49440599181684053
0.507	0.49448583856922257
0.508	0.4945653936965516
0.509	0.4946446587621462
0.51	0.49472363531835845
0.511	0.4948023249066691
0.512	0.49488072905778036
0.513	0.4949588492917102
0.514	0.49503668711788285
0.515	0.4951142440352203
0.516	0.49519152153223184
0.517	0.4952685210871035
0.518	0.495345244167786
0.519	0.4954216922320821
0.52	0.4954978667277328
0.521	0.49557376909250284
0.522	0.4956494007542654
0.523	0.4957247631310858
0.524	0.49579985763130485
0.525	0.4958746856536204
0.526	0.49594924858716855
0.527	0.49602354781160496
0.528	0.49609758469718335
0.529	0.49617136060483535
0.53	0.49624487688624813
0.531	0.49631813488394166
0.532	0.4963911359313455
0.533	0.49646388135287434
0.534	0.4965363724640036
0.535	0.4966086105713426
0.536	0.4966805969727093
0.537	0.49675233295720245
0.538	0.496823819805274
0.539	0.49689505878880025
0.54	0.4969660511711531
0.541	0.4970367982072695
0.542	0.4971073011437208
0.543	0.49717756121878204
0.544	0.4972475796624994
0.545	0.49731735769675756
0.546	0.49738689653534657
0.547	0.49745619738402796
0.548	0.49752526144059944
0.549	0.49759408989496107
0.55	0.4976626839291778
0.551	0.49773104471754426
0.552	0.4977991734266467
0.553	0.4978670712154265
0.554	0.49793473923524023
0.555	0.49800217862992197
0.556	0.4980693905358441
0.557	0.49813637608197614
0.558	0.49820313638994473
0.559	0.4982696725740928
0.56	0.49833598574153737
0.561	0.49840207699222705
0.562	0.4984679474189998
0.5630000000000001	0.49853359810763936
0.5640000000000001	0.4985990301369309
0.5650000000000001	0.49866424457871733
0.5660000000000001	0.49872924249795375
0.5670000000000001	0.4987940249527622
0.5680000000000001	0.4988585929944859
0.5690000000000001	0.49892294766774165
0.5700000000000001	0.49898709001047464
0.5710000000000001	0.4990510210540098
0.5720000000000001	0.4991147418231035
0.5730000000000001	0.4991782533359962
0.5740000000000001	0.4992415566044621
0.5750000000000001	0.49930465263386176
0.5760000000000001	0.4993675424231896
0.5770000000000001	0.49943022696512585
0.5780000000000001	0.4994927072460845
0.579	0.49955498424626216
0.58	0.4996170589396867
0.581	0.4996789322942649
0.582	0.49974060527182995
0.583	0.49980207882818795
0.584	0.49986335391316483
0.585	0.4999244314706531
0.586	0.4999853124386559
0.587	0.5000459977493343
0.588	0.50010648832905
0.589	0.5001667850984114
0.59	0.5002268889723172
0.591	0.5002868008599997
0.592	0.5003465216650684
0.593	0.5004060522855528
0.594	0.5004653936139449
0.595	0.5005245465372409
0.596	0.5005835119369835
0.597	0.5006422906893023
0.598	0.5007008836649567
0.599	0.5007592917293742
0.6	0.5008175157426916
0.601	0.5008755565597953
0.602	0.5009334150303602
0.603	0.5009910919988891
0.604	0.5010485883047514
0.605	0.5011059047822216
0.606	0.5011630422605179
0.607	0.5012200015638387
0.608	0.5012767835114019
0.609	0.5013333889174801
0.61	0.5013898185914389
0.611	0.5014460733377725
0.612	0.5015021539561401
0.613	0.5015580612414018
0.614	0.5016137959836542
0.615	0.5016693589682649
0.616	0.5017247509759087
0.617	0.5017799727826011
0.618	0.5018350251597328
0.619	0.5018899088741036
0.62	0.5019446246879569
0.621	0.5019991733590119
0.622	0.5020535556404975
0.623	0.5021077722811852
0.624	0.5021618240254206
0.625	0.5022157116131573
0.626	0.5022694357799871
0.627	0.5023229972571728
0.628	0.5023763967716798
0.629	0.5024296350462066
0.63	0.5024827127992156
0.631	0.5025356307449643
0.632	0.5025883895935357
0.633	0.5026409900508673
0.634	0.5026934328187824
0.635	0.5027457185950188
0.636	0.5027978480732581
0.637	0.5028498219431559
0.638	0.5029016408903683
0.639	0.5029533055965835
0.64	0.5030048167395474
0.641	0.5030561749930937
0.642	0.5031073810271705
0.643	0.5031584355078685
0.644	0.5032093390974488
0.645	0.5032600924543689
0.646	0.5033106962333105
0.647	0.5033611510852067
0.648	0.5034114576572667
0.649	0.5034616165930043
0.65	0.503511628532262
0.651	0.5035614941112381
0.652	0.503611213962512
0.653	0.5036607887150691
0.654	0.503710218994327
0.655	0.5037595054221592
0.656	0.5038086486169212
0.657	0.5038576491934736
0.658	0.5039065077632082
0.659	0.5039552249340706
0.66	0.5040038013105849
0.661	0.5040522374938777
0.662	0.5041005340817011
0.663	0.5041486916684561
0.664	0.5041967108452163
0.665	0.5042445921997509
0.666	0.5042923363165464
0.667	0.5043399437768306
0.668	0.5043874151585943
0.669	0.5044347510362981
0.67	0.5044819519821669
0.671	0.5045290185642886
0.672	0.504575951347927
0.673	0.504622750895219
0.674	0.5046694177651949
0.675	0.504715952513801
0.676	0.5047623556939186
0.677	0.5048086278553872
0.678	0.5048547695450233
0.679	0.5049007813066415
0.68	0.5049466636810752
0.681	0.5049924172061968
0.682	0.5050380424169368
0.683	0.5050835398453045
0.684	0.5051289100204079
0.685	0.5051741534684725
0.686	0.5052192707128608
0.687	0.505264262274092
0.6880000000000001	0.5053091286698611
0.6890000000000001	0.5053538704150571
0.6900000000000001	0.5053984880217823
0.6910000000000001	0.5054429819993711
0.6920000000000001	0.5054873528544079
0.6930000000000001	0.5055316010907459
0.6940000000000001	0.5055757272095255
0.6950000000000001	0.5056197317091912
0.6960000000000001	0.505663615085511
0.6970000000000001	0.5057073778315933
0.6980000000000001	0.5057510204379045
0.6990000000000001	0.5057945433922866
0.7000000000000001	0.5058379471799747
0.7010000000000001	0.5058812322836141
0.7020000000000001	0.5059243991832776
0.7030000000000001	0.5059674483564817
0.7040000000000001	0.5060103802782046
0.7050000000000001	0.506053195420901
0.706	0.5060958942545214
0.707	0.5061384772465259
0.708	0.5061809448619016
0.709	0.5062232975631792
0.71	0.5062655358104481
0.711	0.5063076600613731
0.712	0.5063496707712092
0.713	0.5063915683923524
0.714	0.5064333533761947
0.715	0.5064750261704155
0.716	0.5065165872207892
0.717	0.506558036970758
0.718	0.5065993758614473
0.719	0.5066406043316806
0.72	0.5066817228179934
0.721	0.5067227317546502
0.722	0.5067636315736564
0.723	0.506804422704775
0.724	0.5068451055755395
0.725	0.5068856806112694
0.726	0.5069261482350828
0.727	0.5069665088679123
0.728	0.5070067629285179
0.729	0.5070469108335005
0.73	0.5070869529973172
0.731	0.5071268898322927
0.732	0.5071667217486353
0.733	0.5072064491544481
0.734	0.507246072455744
0.735	0.5072855920564583
0.736	0.5073250083584613
0.737	0.5073643217615722
0.738	0.507403532663572
0.739	0.5074426414602156
0.74	0.5074816485452452
0.741	0.5075205543104033
0.742	0.5075593591454435
0.743	0.5075980634381452
0.744	0.5076366675743248
0.745	0.5076751719378483
0.746	0.5077135769106426
0.747	0.507751882872709
0.748	0.5077900902021346
0.749	0.5078281992751038
0.75	0.5078662104659106
0.751	0.5079041241469706
0.752	0.5079419406888319
0.753	0.5079796604601874
0.754	0.5080172838278856
0.755	0.5080548111569424
0.756	0.5080922428105532
0.757	0.508129579150102
0.758	0.5081668205351753
0.759	0.5082039673235705
0.76	0.508241019871309
0.761	0.5082779785326459
0.762	0.508314843660081
0.763	0.5083516156043705
0.764	0.5083882947145362
0.765	0.5084248813378768
0.766	0.508461375819979
0.767	0.508497778504727
0.768	0.5085340897343132
0.769	0.5085703098492484
0.77	0.5086064391883727
0.771	0.5086424780888649
0.772	0.5086784268862522
0.773	0.5087142859144218
0.774	0.5087500555056288
0.775	0.5087857359905076
0.776	0.508821327698081
0.777	0.5088568309557702
0.778	0.5088922460894039
0.779	0.5089275734232287
0.78	0.5089628132799181
0.781	0.5089979659805818
0.782	0.5090330318447756
0.783	0.5090680111905098
0.784	0.50910290433426
0.785	0.5091377115909744
0.786	0.5091724332740843
0.787	0.5092070696955125
0.788	0.509241621165683
0.789	0.509276087993528
0.79	0.5093104704864994
0.791	0.5093447689505759
0.792	0.509378983690272
0.793	0.5094131150086469
0.794	0.509447163207313
0.795	0.5094811285864445
0.796	0.5095150114447856
0.797	0.5095488120796595
0.798	0.5095825307869765
0.799	0.5096161678612413
0.8	0.5096497235955635
0.801	0.5096831982816638
0.802	0.5097165922098827
0.803	0.509749905669189
0.804	0.5097831389471875
0.805	0.5098162923301266
0.806	0.5098493661029071
0.807	0.5098823605490893
0.808	0.5099152759509011
0.809	0.5099481125892459
0.81	0.5099808707437098
0.811	0.5100135506925694
0.812	0.5100461527127998
0.8130000000000001	0.5100786770800821
0.8140000000000001	0.5101111240688103
0.8150000000000001	0.5101434939520993
0.8160000000000001	0.5101757870017917
0.8170000000000001	0.5102080034884661
0.8180000000000001	0.510240143681443
0.8190000000000001	0.5102722078487936
0.8200000000000001	0.5103041962573456
0.8210000000000001	0.5103361091726913
0.8220000000000001	0.5103679468591946
0.8230000000000001	0.5103997095799967
0.8240000000000001	0.5104313975970247
0.8250000000000001	0.5104630111709987
0.8260000000000001	0.5104945505614369
0.8270000000000001	0.5105260160266639
0.8280000000000001	0.5105574078238173
0.8290000000000001	0.5105887262088543
0.8300000000000001	0.510619971436558
0.8310000000000001	0.5106511437605445
0.8320000000000001	0.51068224343327
0.8330000000000001	0.5107132707060362
0.8340000000000001	0.5107442258289977
0.835	0.5107751090511685
0.836	0.5108059206204277
0.837	0.5108366607835269
0.838	0.5108673297860956
0.839	0.5108979278726483
0.84	0.5109284552865903
0.841	0.5109589122702239
0.842	0.5109892990647551
0.843	0.5110196159102991
0.844	0.5110498630458867
0.845	0.5110800407094708
0.846	0.5111101491379311
0.847	0.5111401885670819
0.848	0.5111701592316767
0.849	0.5112000613654143
0.85	0.5112298952009452
0.851	0.5112596609698773
0.852	0.5112893589027809
0.853	0.5113189892291957
0.854	0.511348552177635
0.855	0.5113780479755934
0.856	0.5114074768495503
0.857	0.511436839024977
0.858	0.5114661347263416
0.859	0.5114953641771144
0.86	0.5115245275997738
0.861	0.5115536252158122
0.862	0.5115826572457399
0.863	0.5116116239090919
0.864	0.5116405254244327
0.865	0.5116693620093618
0.866	0.5116981338805185
0.867	0.5117268412535879
0.868	0.5117554843433054
0.869	0.5117840633641183
0.87	0.5118125785275064
0.871	0.5118410300461033
0.872	0.5118694181308987
0.873	0.511897742991958
0.874	0.5119260048384278
0.875	0.5119542038785411
0.876	0.5119823403196219
0.877	0.5120104143680902
0.878	0.5120384262294665
0.879	0.5120663761083779
0.88	0.5120942642085614
0.881	0.5121220907328694
0.882	0.5121498558832746
0.883	0.5121775598608748
0.884	0.5122052028658964
0.885	0.512232785097701
0.886	0.5122603067547887
0.887	0.5122877680348029
0.888	0.5123151691345355
0.889	0.5123425102499305
0.89	0.5123697915760889
0.891	0.5123970133072737
0.892	0.5124241756369144
0.893	0.5124512787576097
0.894	0.5124783228611344
0.895	0.5125053081384418
0.896	0.5125322347796696
0.897	0.5125591029741428
0.898	0.5125859129103792
0.899	0.5126126647760926
0.9	0.5126393587581978
0.901	0.512665995042815
0.902	0.5126925738152726
0.903	0.5127190952601138
0.904	0.5127455595610978
0.905	0.5127719669012065
0.906	0.512798317462647
0.907	0.5128246114268561
0.908	0.5128508489745045
0.909	0.5128770302855006
0.91	0.5129031555389952
0.911	0.512929224913384
0.912	0.5129552385863122
0.913	0.51298119673468
0.914	0.5130070995346437
0.915	0.5130329471616216
0.916	0.5130587397902966
0.917	0.5130844775946217
0.918	0.5131101607478212
0.919	0.5131357894223973
0.92	0.5131613637901319
0.921	0.5131868840220908
0.922	0.5132123502886279
0.923	0.5132377627593878
0.924	0.5132631216033113
0.925	0.5132884269886366
0.926	0.5133136790829055
0.927	0.5133388780529646
0.928	0.5133640240649704
0.929	0.5133891172843924
0.93	0.5134141578760165
0.931	0.5134391460039488
0.932	0.5134640818316187
0.933	0.5134889655217827
0.934	0.5135137972365276
0.935	0.5135385771372737
0.936	0.5135633053847792
0.937	0.5135879821391425
0.9380000000000001	0.5136126075598052
0.9390000000000001	0.513637181805558
0.9400000000000001	0.5136617050345401
0.9410000000000001	0.5136861774042459
0.9420000000000001	0.5137105990715266
0.9430000000000001	0.5137349701925934
0.9440000000000001	0.5137592909230217
0.9450000000000001	0.5137835614177534
0.9460000000000001	0.5138077818311007
0.9470000000000001	0.5138319523167486
0.9480000000000001	0.513856073027759
0.9490000000000001	0.5138801441165728
0.9500000000000001	0.5139041657350141
0.9510000000000001	0.5139281380342919
0.9520000000000001	0.5139520611650049
0.9530000000000001	0.5139759352771431
0.9540000000000001	0.5139997605200916
0.9550000000000001	0.5140235370426335
0.9560000000000001	0.5140472649929526
0.9570000000000001	0.5140709445186371
0.9580000000000001	0.5140945757666818
0.9590000000000001	0.5141181588834915
0.9600000000000001	0.5141416940148837
0.9610000000000001	0.5141651813060915
0.962	0.5141886209017674
0.963	0.5142110505523024
0.964	0.51423535758224
0.965	0.51425865495346
0.966	0.5142819052019996
0.967	0.5143051084696464
0.968	0.5143282648976246
0.969	0.5143513746265962
0.97	0.514374437796665
0.971	0.5143974545473786
0.972	0.5144204250177309
0.973	0.5144433493461661
0.974	0.51446622767058
0.975	0.5144890601283235
0.976	0.5145118468562048
0.977	0.5145345879904926
0.978	0.5145572836669184
0.979	0.5145799340206786
0.98	0.5146025391864388
0.981	0.5146250992983341
0.982	0.5146476144899734
0.983	0.5146700848944419
0.984	0.514692510644302
0.985	0.5147148918715979
0.986	0.5147372287078571
0.987	0.5147595212840926
0.988	0.5147817697308068
0.989	0.5148039741779916
0.99	0.5148261347551336
0.991	0.5148482515912144
0.992	0.5148703248147142
0.993	0.5148923545536136
0.994	0.5149143409353968
0.995	0.5149362840870529
0.996	0.5149581841350793
0.997	0.5149800412054836
0.998	0.5150018554237854
0.999	0.51502362691502
1.	0.5150453558037391