1,6.0286
1.002,5.9393
1.004,6.1047
1.006,6.473
1.008,7.1344
1.01,7.5932
1.012,7.5216
1.014,6.9327
1.016,7.457
1.018,6.3831
1.02,6.1264
1.022,6.4295
1.024,6.931
1.026,5.81
1.028,6.0312
1.03,7.3174
1.032,6.9633
1.034,4.7999
1.036,6.5023
1.038,7.0931
1.04,7.7185
1.042,7.3212
1.044,7.2495
1.046,6.7896
1.048,7.7992
1.05,7.1791
1.052,6.4618
1.054,7.0637
1.056,7.0363
1.058,6.7009
1.06,7.4555
1.062,6.1069
1.064,5.1927
1.066,5.4218
1.068,6.9616
1.07,7.8163
1.072,7.0351
1.074,7.4366
1.076,8.1701
1.078,8.106
1.08,8.0974
1.082,6.6971
1.084,6.6573
1.086,7.0306
1.088,6.4621
1.09,5.8894
1.092,7.2056
1.094,7.4014
1.096,7.6403
1.098,6.83
1.1,6.3769
1.102,6.4822
1.104,6.8734
1.106,7.0105
1.108,6.9564
1.11,7.5116
1.112,7.5413
1.114,7.3121
1.116,7.0853
1.118,7.568
1.12,7.8686
1.122,7.6354
1.124,7.7204
1.126,7.6458
1.128,8.6813
1.13,8.1675
1.132,8.2499
1.134,8.9618
1.136,8.0286
1.138,7.3572
1.14,8.0729
1.142,8.7873
1.144,7.8636
1.146,7.9349
1.148,8.4618
1.15,8.6474
1.152,7.6183
1.154,6.8188
1.156,8.5044
1.158,8.7949
1.16,7.5642
1.162,7.629
1.164,8.0284
1.166,6.7056
1.168,7.4019
1.17,8.0071
1.172,8.0349
1.174,7.8694
1.176,7.5841
1.178,7.2741
1.18,7.5557
1.182,6.9232
1.184,7.2138
1.186,7.0922
1.188,8.191
1.19,8.3718
1.192,8.0913
1.194,8.8091
1.196,7.693
1.198,8.0595
1.2,7.1306
1.202,7.2984
1.204,7.8171
1.206,8.708
1.208,8.8934
1.21,8.9005
1.212,7.5352
1.214,7.2831
1.216,8.5236
1.218,9.3771
1.22,9.8507
1.222,9.6985
1.224,9.2753
1.226,8.825
1.228,7.7648
1.23,9.0969
1.232,9.0184
1.234,9.7241
1.236,9.3877
1.238,8.5972
1.24,9.8555
1.242,10.597
1.244,10.142
1.246,9.7185
1.248,9.4383
1.25,10.868
1.252,11.322
1.254,10.227
1.256,9.165
1.258,9.2578
1.26,9.4927
1.262,10.009
1.264,9.8963
1.266,9.4001
1.268,9.8865
1.27,10.413
1.272,10.508
1.274,10.248
1.276,9.5019
1.278,10.772
1.28,11.156
1.282,10.022
1.284,10.107
1.286,10.467
1.288,10.824
1.29,10.636
1.292,9.8402
1.294,10.034
1.296,10.128
1.298,10.135
1.3,10.703
1.302,10.369
1.304,10.34
1.306,10.354
1.308,11.523
1.31,12.173
1.312,10.975
1.314,9.9478
1.316,9.8852
1.318,10.72
1.32,9.91
1.322,10.365
1.324,10.139
1.326,10.461
1.328,11.647
1.33,12.312
1.332,11.757
1.334,12.281
1.336,11.592
1.338,12.038
1.34,13.192
1.342,12.851
1.344,13.607
1.346,14.007
1.348,12.266
1.35,12.257
1.352,12.081
1.354,11.954
1.356,12.932
1.358,13.152
1.36,13.973
1.362,14.269
1.364,13.906
1.366,13.118
1.368,14.405
1.37,14.771
1.372,14.942
1.374,14.947
1.376,14.522
1.378,14.71
1.38,14.669
1.382,14.575
1.384,15.301
1.386,15.898
1.388,15.106
1.39,14.353
1.392,14.666
1.394,14.229
1.396,15.083
1.398,14.949
1.4,15.433
1.402,16.546
1.404,16.617
1.406,17.028
1.408,17.918
1.41,18.01
1.412,16.398
1.414,16.653
1.416,17.449
1.418,18.329
1.42,18.29
1.422,19.583
1.424,19.083
1.426,19.54
1.428,19.683
1.43,19.735
1.432,20.979
1.434,20.95
1.436,20.178
1.438,20.865
1.44,22.171
1.442,23.296
1.444,23.219
1.446,22.705
1.448,22.328
1.45,22.614
1.452,23.937
1.454,25.75
1.456,26.949
1.458,27.3
1.46,27.145
1.462,28.622
1.464,29.463
1.466,29.599
1.468,29.553
1.47,31.055
1.472,31.42
1.474,30.75
1.476,32.275
1.478,34.132
1.48,35.7
1.482,36.361
1.484,37.88
1.486,38.483
1.488,39.29
1.49,38.398
1.492,38.865
1.494,39.655
1.496,38.126
1.498,36.696
1.5,36.509
1.502,35.489
1.504,35.37
1.506,34.604
1.508,33.849
1.51,33.339
1.512,34.201
1.514,33.875
1.516,32.495
1.518,33.151
1.52,32.261
1.522,31.941
1.524,32.593
1.526,30.853
1.528,29.696
1.53,30.097
1.532,29.24
1.534,29.677
1.536,29.186
1.538,27.809
1.54,27.333
1.542,27.725
1.544,26.422
1.546,26.473
1.548,26.253
1.55,26.145
1.552,25.37
1.554,24.57
1.556,24.444
1.558,23.846
1.56,22.327
1.562,21.638
1.564,20.967
1.566,20.968
1.568,21.66
1.57,21.443
1.572,20.199
1.574,18.849
1.576,18.414
1.578,19.794
1.58,18.083
1.582,17.05
1.584,16.737
1.586,17.015
1.588,16.582
1.59,16.178
1.592,15.996
1.594,15.617
1.596,15.721
1.598,14.528
1.6,14.947
1.602,14.959
1.604,15.087
1.606,15.072
1.608,14.357
1.61,14.227
1.612,15.204
1.614,13.781
1.616,13.911
1.618,14.624
1.62,14.283
1.622,13.604
1.624,13.002
1.626,13.683
1.628,13.048
1.63,13.475
1.632,12.685
1.634,12.551
1.636,12.614
1.638,12.805
1.64,12.265
1.642,12.303
1.644,11.853
1.646,11.745
1.648,11.813
1.65,12.91
1.652,12.464
1.654,11.967
1.656,11.243
1.658,11.353
1.66,12.108
1.662,11.414
1.664,10.338
1.666,11.215
1.668,11.54
1.67,11.846
1.672,11.513
1.674,10.92
1.676,10.456
1.678,11.118
1.68,11.149
1.682,11.05
1.684,10.968
1.686,11.727
1.688,10.726
1.69,11.038
1.692,11.11
1.694,10.507
1.696,10.26
1.698,10.869
1.7,10.419
1.702,10.59
1.704,10.975
1.706,10.487
1.708,10.064
1.71,9.4393
1.712,10.202
1.714,10.038
1.716,10.243
1.718,9.9795
1.72,10.935
1.722,10.655
1.724,9.7476
1.726,9.3009
1.728,10.597
1.73,10.478
1.732,9.2273
1.734,9.7945
1.736,10.738
1.738,10.004
1.74,9.0576
1.742,9.0339
1.744,9.2139
1.746,10.555
1.748,9.9269
1.75,9.7649
1.752,9.8154
1.754,9.5142
1.756,9.3149
1.758,8.916
1.76,8.9875
1.762,9.6726
1.764,9.5256
1.766,9.0659
1.768,9.0842
1.77,9.1709
1.772,8.9219
1.774,8.87
1.776,9.6733
1.778,9.1702
1.78,9.3978
1.782,10.052
1.784,8.9913
1.786,8.4604
1.788,8.454
1.79,8.3119
1.792,9.6425
1.794,9.4875
1.796,8.4626
1.798,8.0274
1.8,8.104
1.802,9.043
1.804,9.3148
1.806,9.1304
1.808,8.659
1.81,9.1006
1.812,8.5778
1.814,8.9786
1.816,8.1374
1.818,7.8887
1.82,8.4437
1.822,8.9631
1.824,9.3968
1.826,8.7575
1.828,8.1391
1.83,8.0855
1.832,7.814
1.834,7.5422
1.836,8.6228
1.838,8.1802
1.84,8.6954
1.842,8.6829
1.844,8.0632
1.846,7.9177
1.848,8.4845
1.85,8.0122
1.852,8.1714
1.854,8.8505
1.856,7.9792
1.858,7.1777
1.86,8.6706
1.862,8.4537
1.864,7.7031
1.866,8.4806
1.868,7.1514
1.87,8.045
1.872,9.0414
1.874,8.5267
1.876,7.9386
1.878,8.3909
1.88,8.5265
1.882,8.6467
1.884,8.4531
1.886,7.9347
1.888,7.5755
1.89,8.0825
1.892,7.6135
1.894,7.9804
1.896,8.5992
1.898,7.5311
1.9,7.1706
1.902,7.5906
1.904,8.2685
1.906,7.8879
1.908,7.9585
1.91,7.6328
1.912,8.0041
1.914,7.3118
1.916,6.6693
1.918,7.4314
1.92,7.5746
1.922,7.2009
1.924,7.1964
1.926,7.2245
1.928,7.6528
1.93,8.1352
1.932,7.6747
1.934,7.6606
1.936,7.8292
1.938,8.0035
1.94,7.3267
1.942,6.6453
1.944,6.513
1.946,6.9633
1.948,7.022
1.95,8.0265
1.952,7.6037
1.954,6.5014
1.956,6.4469
1.958,7.0138
1.96,7.5109
1.962,7.4362
1.964,7.3579
1.966,7.5994
1.968,7.861
1.97,7.8275
1.972,7.541
1.974,7.3261
1.976,8.0887
1.978,8.1244
1.98,8.1577
1.982,7.9743
1.984,7.7081
1.986,7.3273
1.988,7.2957
1.99,6.1068
1.992,6.6325
1.994,7.046
1.996,7.7142
1.998,8.1986
2,6.5677
